10 0.16015625 0.940625 0.125 0.0640625
5 0.175 0.81796875 0.0484375 0.0203125
1 0.24921875 0.79765625 0.0734375 0.0296875
10 0.3375 0.76171875 0.0265625 0.034375
11 0.403125 0.76484375 0.0890625 0.0578125
5 0.47421875 0.7546875 0.0234375 0.0359375
5 0.5453125 0.75859375 0.0421875 0.0203125
5 0.54765625 0.71015625 0.0421875 0.0203125
1 0.62734375 0.74375 0.0671875 0.0265625
5 0.7796875 0.8765625 0.025 0.040625
5 0.87421875 0.853125 0.0484375 0.0203125
5 0.875 0.82578125 0.0453125 0.0203125
1 0.88203125 0.7546875 0.0296875 0.0546875
0 0.74375 0.79453125 0.128125 0.1265625
0 0.6265625 0.7015625 0.0921875 0.053125
5 0.709375 0.71328125 0.0453125 0.0203125
6 0.9 0.64765625 0.1078125 0.1484375
5 0.83046875 0.52421875 0.0640625 0.0421875
10 0.73671875 0.478125 0.090625 0.1109375
0 0.83671875 0.4484375 0.0640625 0.078125
0 0.934375 0.45390625 0.0625 0.0828125
5 0.80546875 0.38046875 0.0453125 0.0203125
5 0.80625 0.35625 0.0484375 0.0171875
5 0.80546875 0.33125 0.0453125 0.0171875
5 0.80625 0.309375 0.0453125 0.0203125
5 0.80703125 0.28515625 0.0453125 0.01875
12 0.9265625 0.2609375 0.1375 0.2578125
5 0.671875 0.33515625 0.0328125 0.0375
5 0.55390625 0.31484375 0.025 0.0375
5 0.58359375 0.315625 0.0265625 0.0375
5 0.6140625 0.31484375 0.0265625 0.0359375
7 0.6359375 0.25546875 0.0765625 0.065625
10 0.6421875 0.20703125 0.05 0.028125
10 0.478125 0.33046875 0.0265625 0.0375
10 0.43671875 0.346875 0.04375 0.0203125
2 0.43515625 0.2984375 0.0515625 0.065625
5 0.146875 0.23671875 0.046875 0.0203125
10 0.30390625 0.30859375 0.125 0.0671875
0 0.07109375 0.33671875 0.090625 0.0875
0 0.246875 0.41015625 0.0515625 0.0453125
10 0.3109375 0.4421875 0.0203125 0.0390625
10 0.28203125 0.45859375 0.025 0.0390625
2 0.19609375 0.48515625 0.0796875 0.0484375
10 0.084375 0.48203125 0.128125 0.0671875
10 0.26953125 0.56640625 0.08125 0.1015625
2 0.18125 0.59375 0.0515625 0.0609375
0 0.0796875 0.5609375 0.075 0.0828125
10 0.02421875 0.5671875 0.0265625 0.034375
10 0.2640625 0.68828125 0.0765625 0.1015625
0 0.1578125 0.70625 0.128125 0.140625
10 0.04296875 0.728125 0.084375 0.109375
10 0.1140625 0.78828125 0.0453125 0.0234375
10 0.42421875 0.69453125 0.128125 0.0640625
0 0.50078125 0.50546875 0.3609375 0.2984375
10 0.1921875 0.1296875 0.1296875 0.0671875