10 0.17578125 0.05546875 0.121875 0.059375
5 0.18515625 0.17734375 0.0484375 0.01875
1 0.25859375 0.2 0.071875 0.028125
10 0.34453125 0.23828125 0.025 0.034375
11 0.409375 0.2375 0.0875 0.0546875
5 0.47890625 0.25 0.0234375 0.0359375
5 0.55 0.24765625 0.0421875 0.01875
5 0.55 0.29609375 0.0421875 0.01875
1 0.63046875 0.265625 0.0671875 0.025
5 0.78515625 0.140625 0.0234375 0.040625
5 0.87734375 0.16640625 0.0484375 0.01875
5 0.87734375 0.19375 0.04375 0.01875
1 0.88125 0.26328125 0.028125 0.053125
0 0.746875 0.21953125 0.1234375 0.121875
0 0.628125 0.30703125 0.090625 0.046875
5 0.709375 0.29921875 0.04375 0.01875
6 0.89609375 0.36953125 0.103125 0.14375
5 0.82265625 0.48984375 0.0609375 0.040625
10 0.72890625 0.53203125 0.0875 0.10625
0 0.82578125 0.56484375 0.059375 0.075
0 0.92265625 0.5625 0.059375 0.0796875
5 0.79296875 0.63125 0.04375 0.01875
5 0.79296875 0.65546875 0.0484375 0.015625
5 0.79140625 0.67890625 0.04375 0.015625
5 0.79140625 0.70078125 0.04375 0.01875
5 0.79140625 0.725 0.04375 0.0171875
12 0.90859375 0.753125 0.128125 0.25
5 0.659375 0.67109375 0.03125 0.0359375
5 0.54296875 0.68671875 0.0234375 0.0359375
5 0.571875 0.6875 0.025 0.0359375
5 0.60234375 0.68828125 0.025 0.0359375
7 0.621875 0.74765625 0.0734375 0.0625
10 0.62578125 0.79609375 0.046875 0.028125
10 0.46796875 0.66875 0.0234375 0.0359375
10 0.428125 0.65078125 0.0421875 0.01875
2 0.425 0.69921875 0.0484375 0.0625
5 0.13828125 0.75 0.046875 0.01875
10 0.29609375 0.684375 0.121875 0.0625
0 0.06640625 0.64921875 0.0875 0.0828125
0 0.24296875 0.58203125 0.05 0.04375
10 0.30703125 0.553125 0.01875 0.0375
10 0.27890625 0.53515625 0.0234375 0.0375
2 0.19609375 0.50625 0.0765625 0.04375
10 0.08515625 0.50546875 0.125 0.0609375
10 0.27109375 0.42890625 0.078125 0.0984375
2 0.184375 0.39921875 0.0484375 0.0609375
0 0.08359375 0.42734375 0.071875 0.078125
10 0.028125 0.41953125 0.025 0.034375
10 0.26953125 0.30859375 0.0734375 0.0984375
0 0.16484375 0.28671875 0.121875 0.134375
10 0.053125 0.26171875 0.0796875 0.1046875
10 0.125 0.20390625 0.04375 0.021875
10 0.428125 0.30703125 0.125 0.059375
0 0.496875 0.496875 0.3484375 0.28125
10 0.17890625 0.85703125 0.128125 0.0625