6 0.1 0.1421875 0.06875 0.05625
12 0.19375 0.16171875 0.121875 0.1546875
12 0.34921875 0.15234375 0.121875 0.159375
12 0.50703125 0.1453125 0.11875 0.15625
12 0.66015625 0.13828125 0.11875 0.1546875
6 0.759375 0.11015625 0.06875 0.05625
12 0.7765625 0.50390625 0.0453125 0.084375
10 0.78125 0.571875 0.028125 0.03125
12 0.73984375 0.753125 0.115625 0.065625
12 0.603125 0.7625 0.14375 0.0609375
6 0.78359375 0.871875 0.0390625 0.0984375
6 0.72890625 0.87265625 0.0421875 0.0984375
6 0.66796875 0.87578125 0.0390625 0.0953125
6 0.60703125 0.8796875 0.040625 0.0953125
6 0.534375 0.8734375 0.0484375 0.1296875
6 0.48046875 0.87578125 0.0484375 0.13125
6 0.4265625 0.8796875 0.0484375 0.1296875
6 0.37109375 0.88203125 0.0484375 0.1296875
5 0.328125 0.9359375 0.015625 0.0125
5 0.32734375 0.92578125 0.0140625 0.0109375
5 0.32734375 0.91484375 0.015625 0.0125
5 0.27890625 0.9390625 0.015625 0.0140625
5 0.278125 0.92890625 0.015625 0.009375
5 0.27890625 0.91796875 0.015625 0.0125
5 0.23203125 0.94140625 0.015625 0.0140625
5 0.23125 0.93125 0.015625 0.0125
5 0.23125 0.9203125 0.015625 0.0125
5 0.184375 0.94375 0.0140625 0.0109375
5 0.184375 0.934375 0.0125 0.0109375
5 0.18359375 0.92265625 0.0140625 0.0109375
5 0.34375 0.7953125 0.009375 0.01875
5 0.3375 0.7953125 0.009375 0.01875
5 0.33046875 0.79609375 0.009375 0.0203125
5 0.3140625 0.796875 0.0109375 0.0203125
5 0.30703125 0.79609375 0.0078125 0.021875
5 0.30078125 0.79765625 0.0078125 0.0203125
5 0.29296875 0.79765625 0.009375 0.0203125
5 0.23125 0.78125 0.0109375 0.028125
5 0.22734375 0.70859375 0.0109375 0.028125
5 0.24375 0.75 0.015625 0.0140625
5 0.24375 0.73984375 0.0125 0.009375
5 0.29453125 0.6625 0.0125 0.0109375
5 0.30703125 0.6625 0.015625 0.0125
5 0.32421875 0.66171875 0.015625 0.0125
5 0.33828125 0.6609375 0.015625 0.0125
5 0.3359375 0.67734375 0.0109375 0.021875
5 0.2984375 0.6796875 0.009375 0.01875
5 0.43828125 0.68203125 0.0140625 0.0296875
5 0.44765625 0.7671875 0.0171875 0.0140625
5 0.3015625 0.5609375 0.0109375 0.0203125
5 0.29453125 0.56171875 0.0078125 0.0203125
5 0.28828125 0.5625 0.009375 0.021875
5 0.346875 0.53984375 0.015625 0.0140625
5 0.11640625 0.30546875 0.015625 0.0125
5 0.16171875 0.25234375 0.015625 0.0125
5 0.1625 0.2640625 0.015625 0.0125
5 0.2171875 0.27109375 0.009375 0.01875
5 0.225 0.27109375 0.0109375 0.0234375
5 0.20703125 0.321875 0.009375 0.0203125
5 0.22734375 0.3421875 0.0078125 0.021875
5 0.22890625 0.3734375 0.0109375 0.025
5 0.3203125 0.29609375 0.0109375 0.0203125
5 0.32421875 0.36875 0.0109375 0.021875
5 0.33203125 0.36796875 0.0078125 0.021875
5 0.38515625 0.3953125 0.0109375 0.021875
5 0.39296875 0.3953125 0.0109375 0.0203125
5 0.39921875 0.3953125 0.0078125 0.0203125
5 0.41328125 0.39453125 0.0109375 0.0203125
5 0.42265625 0.37890625 0.0125 0.0125
5 0.41953125 0.36796875 0.0125 0.0125
1 0.11796875 0.83203125 0.009375 0.0265625
1 0.16015625 0.875 0.015625 0.009375
1 0.20859375 0.871875 0.0171875 0.0125
1 0.25625 0.86953125 0.01875 0.0125
1 0.30390625 0.8671875 0.0171875 0.0125
1 0.16328125 0.93515625 0.0203125 0.0328125
1 0.21171875 0.93203125 0.0203125 0.0328125
1 0.259375 0.92890625 0.0203125 0.034375
1 0.30703125 0.92734375 0.01875 0.03125
1 0.09375 0.41015625 0.0171875 0.0140625
1 0.0921875 0.37890625 0.0171875 0.0109375
1 0.10234375 0.19375 0.01875 0.0140625
12 0.07890625 0.3171875 0.0515625 0.0921875
12 0.1640625 0.5296875 0.1984375 0.1890625
12 0.1390625 0.7609375 0.1125 0.1046875
12 0.7 0.28984375 0.146875 0.0609375
12 0.53203125 0.3 0.1828125 0.0625
10 0.11484375 0.265625 0.0140625 0.028125
10 0.1140625 0.28515625 0.015625 0.0125
10 0.11640625 0.29609375 0.0125 0.009375
10 0.11796875 0.3375 0.0078125 0.00625
10 0.11875 0.346875 0.0140625 0.0109375
10 0.115625 0.3734375 0.0125 0.028125
10 0.1625 0.3859375 0.009375 0.0125
2 0.128125 0.2640625 0.0140625 0.0234375
2 0.12734375 0.37734375 0.0109375 0.025
10 0.27890625 0.79453125 0.0140625 0.0296875
10 0.27734375 0.7640625 0.0109375 0.0296875
10 0.27578125 0.72265625 0.0109375 0.028125
10 0.25390625 0.74296875 0.0078125 0.021875
10 0.26328125 0.74765625 0.0125 0.0125
10 0.28984375 0.77578125 0.009375 0.021875
10 0.2859375 0.7046875 0.009375 0.0234375
10 0.27421875 0.69296875 0.0109375 0.03125
2 0.253125 0.77890625 0.03125 0.0453125
2 0.2484375 0.70625 0.03125 0.04375
2 0.39296875 0.77734375 0.0296875 0.046875
2 0.39765625 0.68984375 0.046875 0.065625
2 0.27578125 0.5890625 0.0125 0.0265625
10 0.27109375 0.51171875 0.0078125 0.003125
10 0.27109375 0.52265625 0.00625 0.00625
10 0.27265625 0.5328125 0.00625 0.0046875
10 0.27265625 0.5421875 0.015625 0.0125
10 0.3125 0.578125 0.0046875 0.0125
10 0.33046875 0.55546875 0.0046875 0.0125
10 0.34609375 0.5578125 0.0203125 0.015625
10 0.325 0.57890625 0.015625 0.0125
10 0.35390625 0.30546875 0.0234375 0.0421875
10 0.3640625 0.3484375 0.01875 0.01875
10 0.35859375 0.36640625 0.0203125 0.01875
10 0.4234375 0.39921875 0.0125 0.0109375
10 0.421875 0.38828125 0.015625 0.0140625
10 0.42109375 0.3453125 0.0125 0.0296875
10 0.32265625 0.46484375 0.003125 0.0109375
10 0.3390625 0.46484375 0.021875 0.01875
10 0.35390625 0.6890625 0.0125 0.03125
10 0.35390625 0.725 0.0109375 0.0234375
10 0.35546875 0.7515625 0.0109375 0.021875
10 0.35078125 0.79453125 0.0078125 0.01875
10 0.36015625 0.78671875 0.0109375 0.0296875
10 0.41796875 0.76875 0.0125 0.028125
10 0.43046875 0.76640625 0.0125 0.03125
10 0.440625 0.72109375 0.0203125 0.0421875
5 0.57421875 0.734375 0.0125 0.0234375
10 0.29140625 0.678125 0.0078125 0.021875
10 0.3078125 0.68046875 0.0078125 0.021875
10 0.321875 0.6796875 0.0109375 0.021875
10 0.34140625 0.67578125 0.0078125 0.021875
0 0.30390625 0.51015625 0.05 0.0703125
0 0.165625 0.3234375 0.0734375 0.1
0 0.2734375 0.3171875 0.0828125 0.115625
0 0.390625 0.35703125 0.03125 0.0484375
2 0.39453125 0.29375 0.0609375 0.0796875
0 0.69765625 0.53046875 0.075 0.146875
0 0.31953125 0.73828125 0.05625 0.078125
0 0.534375 0.540625 0.1625 0.2265625
12 0.115625 0.6671875 0.0203125 0.05625
12 0.43046875 0.16328125 0.0234375 0.1546875
10 0.27421875 0.56328125 0.01875 0.0171875
12 0.76484375 0.1921875 0.0375 0.0390625
12 0.7734375 0.3859375 0.0375 0.028125
12 0.1328125 0.66796875 0.021875 0.0625