6 0.12578125 0.128125 0.0640625 0.053125
12 0.21640625 0.15234375 0.1125 0.146875
12 0.36953125 0.15078125 0.1125 0.15
12 0.525 0.15234375 0.109375 0.1484375
12 0.67578125 0.153125 0.109375 0.146875
6 0.775 0.13046875 0.065625 0.053125
12 0.77109375 0.51875 0.040625 0.08125
10 0.77265625 0.58515625 0.028125 0.028125
12 0.72265625 0.76171875 0.1109375 0.059375
12 0.5875 0.7625 0.140625 0.0515625
6 0.759375 0.87890625 0.0359375 0.09375
6 0.70625 0.878125 0.0359375 0.096875
6 0.64609375 0.878125 0.0359375 0.09375
6 0.58515625 0.878125 0.0359375 0.09375
6 0.51484375 0.86875 0.0421875 0.125
6 0.46171875 0.86796875 0.0421875 0.128125
6 0.40859375 0.86875 0.0421875 0.125
6 0.35390625 0.86875 0.040625 0.128125
5 0.30859375 0.91953125 0.015625 0.0125
5 0.30859375 0.909375 0.015625 0.0109375
5 0.30859375 0.89921875 0.015625 0.0125
5 0.26015625 0.91953125 0.015625 0.0125
5 0.26015625 0.909375 0.015625 0.009375
5 0.26171875 0.89921875 0.015625 0.0125
5 0.21484375 0.91953125 0.015625 0.0125
5 0.21484375 0.909375 0.015625 0.0109375
5 0.21484375 0.89921875 0.015625 0.0109375
5 0.16796875 0.91953125 0.015625 0.0109375
5 0.16796875 0.91015625 0.0125 0.0109375
5 0.16796875 0.89921875 0.015625 0.0109375
5 0.33125 0.78203125 0.0078125 0.01875
5 0.325 0.78203125 0.0078125 0.01875
5 0.31796875 0.78203125 0.0078125 0.0203125
5 0.30234375 0.78203125 0.0078125 0.0203125
5 0.29453125 0.78125 0.00625 0.021875
5 0.28828125 0.78203125 0.00625 0.0203125
5 0.28125 0.78203125 0.009375 0.0203125
5 0.221875 0.7625 0.0109375 0.028125
5 0.221875 0.690625 0.0109375 0.028125
5 0.23515625 0.73203125 0.015625 0.0125
5 0.23515625 0.721875 0.0125 0.0078125
5 0.28984375 0.64921875 0.0125 0.0109375
5 0.30234375 0.65 0.015625 0.0109375
5 0.31875 0.65 0.015625 0.0109375
5 0.33203125 0.65 0.015625 0.0109375
5 0.32890625 0.665625 0.0078125 0.0203125
5 0.29296875 0.665625 0.009375 0.01875
5 0.43046875 0.67578125 0.0125 0.0296875
5 0.434375 0.759375 0.0171875 0.0125
5 0.30234375 0.55 0.0078125 0.0203125
5 0.29453125 0.55 0.00625 0.0203125
5 0.28828125 0.55078125 0.0078125 0.021875
5 0.34765625 0.53125 0.015625 0.0125
5 0.13359375 0.28984375 0.0140625 0.0125
5 0.18046875 0.23984375 0.0140625 0.0109375
5 0.18046875 0.25078125 0.0140625 0.0109375
5 0.234375 0.26015625 0.009375 0.01875
5 0.24140625 0.26171875 0.009375 0.0234375
5 0.22109375 0.31015625 0.009375 0.021875
5 0.240625 0.33125 0.00625 0.021875
5 0.240625 0.36171875 0.009375 0.0234375
5 0.334375 0.290625 0.0078125 0.021875
5 0.334375 0.36171875 0.0078125 0.021875
5 0.34140625 0.36171875 0.00625 0.021875
5 0.39296875 0.390625 0.0078125 0.021875
5 0.4 0.39140625 0.0078125 0.021875
5 0.40625 0.39140625 0.00625 0.021875
5 0.41953125 0.39140625 0.009375 0.021875
5 0.43046875 0.37734375 0.0125 0.009375
5 0.428125 0.36640625 0.0125 0.0125
1 0.10703125 0.80625 0.009375 0.028125
1 0.146875 0.85078125 0.015625 0.009375
1 0.19453125 0.85 0.0171875 0.0109375
1 0.24140625 0.85 0.0171875 0.0109375
1 0.28828125 0.85 0.015625 0.0109375
1 0.146875 0.91015625 0.01875 0.03125
1 0.19453125 0.909375 0.01875 0.03125
1 0.24140625 0.90859375 0.0171875 0.034375
1 0.28828125 0.909375 0.015625 0.0296875
1 0.10625 0.390625 0.0171875 0.0125
1 0.10625 0.36015625 0.0171875 0.0109375
1 0.125 0.17890625 0.0171875 0.0125
12 0.09609375 0.29921875 0.0484375 0.0875
12 0.16875 0.51171875 0.1859375 0.178125
12 0.13203125 0.7375 0.10625 0.0984375
12 0.70703125 0.30390625 0.1421875 0.053125
12 0.54140625 0.30546875 0.1765625 0.053125
10 0.13359375 0.25 0.0125 0.028125
10 0.13203125 0.26953125 0.0140625 0.0109375
10 0.13359375 0.28046875 0.0125 0.0078125
10 0.13359375 0.32109375 0.009375 0.00625
10 0.13359375 0.33046875 0.0140625 0.009375
10 0.12890625 0.35546875 0.0109375 0.028125
10 0.17421875 0.37109375 0.009375 0.0109375
2 0.146875 0.24921875 0.009375 0.0234375
2 0.140625 0.36015625 0.009375 0.025
10 0.26796875 0.778125 0.0125 0.028125
10 0.26796875 0.74765625 0.009375 0.028125
10 0.26796875 0.70703125 0.009375 0.028125
10 0.24609375 0.72578125 0.00625 0.0203125
10 0.25546875 0.73125 0.0125 0.0125
10 0.27890625 0.759375 0.0078125 0.0203125
10 0.27890625 0.68984375 0.0078125 0.0234375
10 0.26796875 0.678125 0.009375 0.028125
2 0.24375 0.76171875 0.0296875 0.0421875
2 0.24296875 0.68984375 0.0296875 0.0421875
2 0.38125 0.76640625 0.028125 0.04375
2 0.38984375 0.68125 0.04375 0.0625
2 0.275 0.57578125 0.009375 0.025
10 0.275 0.5 0.0078125 0.0046875
10 0.27421875 0.51015625 0.00625 0.00625
10 0.275 0.52109375 0.00625 0.0046875
10 0.275 0.53046875 0.015625 0.0125
10 0.31171875 0.56640625 0.0046875 0.0125
10 0.33125 0.54609375 0.0046875 0.0125
10 0.34609375 0.54921875 0.01875 0.015625
10 0.32421875 0.56875 0.015625 0.0125
10 0.36640625 0.30234375 0.021875 0.040625
10 0.37421875 0.34375 0.015625 0.0171875
10 0.36796875 0.36171875 0.01875 0.015625
10 0.43046875 0.396875 0.0125 0.0109375
10 0.42890625 0.38671875 0.015625 0.0125
10 0.43046875 0.34375 0.0109375 0.0296875
10 0.328125 0.45625 0.0046875 0.0109375
10 0.34375 0.45703125 0.021875 0.0171875
10 0.346875 0.678125 0.0109375 0.03125
10 0.34453125 0.71328125 0.0078125 0.0234375
10 0.34453125 0.73984375 0.0078125 0.0203125
10 0.33828125 0.78203125 0.00625 0.01875
10 0.34765625 0.77421875 0.0109375 0.028125
10 0.40546875 0.759375 0.0109375 0.028125
10 0.41796875 0.75859375 0.0109375 0.03125
10 0.43046875 0.71484375 0.01875 0.040625
5 0.56015625 0.734375 0.0109375 0.0234375
10 0.28515625 0.66484375 0.00625 0.0203125
10 0.30234375 0.66796875 0.00625 0.021875
10 0.315625 0.66796875 0.0078125 0.021875
10 0.33515625 0.66484375 0.00625 0.0203125
0 0.30703125 0.5 0.046875 0.0671875
0 0.18046875 0.309375 0.0671875 0.096875
0 0.2875 0.30859375 0.075 0.1109375
0 0.4 0.35390625 0.0296875 0.046875
2 0.40703125 0.29140625 0.05625 0.075
0 0.69296875 0.53984375 0.0671875 0.140625
0 0.31015625 0.72421875 0.053125 0.075
0 0.53125 0.54140625 0.1484375 0.215625
12 0.11328125 0.64453125 0.0171875 0.0546875
12 0.44921875 0.165625 0.0171875 0.153125
10 0.275 0.55078125 0.015625 0.0171875
12 0.77578125 0.21171875 0.0359375 0.0375
12 0.77421875 0.40234375 0.0359375 0.025
12 0.13046875 0.64609375 0.01875 0.059375