5 0.053125 0.846875 0.0125 0.0234375
5 0.06328125 0.8484375 0.009375 0.01875
5 0.10703125 0.84921875 0.009375 0.01875
5 0.11875 0.8515625 0.0125 0.0203125
5 0.13046875 0.85234375 0.009375 0.01875
5 0.140625 0.8546875 0.009375 0.01875
5 0.1515625 0.85625 0.009375 0.01875
5 0.16484375 0.85859375 0.0125 0.0203125
5 0.17578125 0.86015625 0.009375 0.01875
5 0.18671875 0.86171875 0.0125 0.0203125
5 0.04140625 0.78359375 0.0109375 0.0203125
5 0.0515625 0.78515625 0.0125 0.0203125
5 0.059375 0.7859375 0.0125 0.0203125
5 0.01953125 0.72265625 0.0109375 0.0203125
5 0.03125 0.72421875 0.009375 0.01875
5 0.04296875 0.7265625 0.0125 0.0203125
5 0.05390625 0.728125 0.0125 0.0203125
5 0.06484375 0.73046875 0.0125 0.0203125
5 0.0765625 0.73125 0.0109375 0.0203125
5 0.0875 0.7328125 0.009375 0.01875
5 0.09921875 0.734375 0.009375 0.01875
5 0.11015625 0.73671875 0.009375 0.01875
5 0.1203125 0.73828125 0.0125 0.0203125
5 0.13203125 0.73984375 0.009375 0.01875
5 0.14375 0.74140625 0.0125 0.0203125
5 0.1546875 0.7421875 0.009375 0.01875
5 0.165625 0.7453125 0.009375 0.01875
5 0.1765625 0.746875 0.009375 0.01875
5 0.1890625 0.74765625 0.009375 0.01875
5 0.2125 0.75078125 0.0109375 0.01875
5 0.234375 0.7546875 0.0109375 0.0203125
5 0.221875 0.75390625 0.0109375 0.0203125
5 0.2453125 0.75625 0.0109375 0.0203125
5 0.25703125 0.7578125 0.0109375 0.0203125
5 0.2671875 0.76015625 0.0125 0.0203125
5 0.27890625 0.76171875 0.0109375 0.0203125
5 0.290625 0.76328125 0.0125 0.0203125
5 0.30234375 0.765625 0.0109375 0.0203125
5 0.3125 0.7671875 0.0125 0.0203125
5 0.3234375 0.76875 0.0109375 0.01875
5 0.3359375 0.7703125 0.0109375 0.0203125
5 0.346875 0.77265625 0.0109375 0.0203125
5 0.3703125 0.775 0.0109375 0.0203125
5 0.38125 0.77734375 0.0109375 0.0203125
5 0.3390625 0.80703125 0.0125 0.0203125
5 0.3484375 0.8078125 0.0125 0.0203125
5 0.384375 0.81171875 0.0125 0.0203125
5 0.39296875 0.81484375 0.0125 0.0203125
5 0.32734375 0.88125 0.0125 0.0203125
5 0.33828125 0.884375 0.0125 0.0203125
5 0.371875 0.88828125 0.0125 0.0203125
5 0.38359375 0.890625 0.009375 0.01875
5 0.40234375 0.9578125 0.009375 0.021875
5 0.40625 0.92421875 0.0125 0.0203125
5 0.4109375 0.890625 0.0125 0.0203125
5 0.41640625 0.85625 0.0125 0.0203125
5 0.41328125 0.71875 0.0125 0.0203125
5 0.4359375 0.72265625 0.0125 0.0203125
0 0.453125 0.95390625 0.0234375 0.034375
0 0.6390625 0.9640625 0.04375 0.05625
5 0.54296875 0.83671875 0.0125 0.0203125
5 0.553125 0.83828125 0.0109375 0.0203125
5 0.58828125 0.84296875 0.0125 0.0203125
5 0.5984375 0.84453125 0.0109375 0.01875
5 0.53203125 0.91171875 0.0109375 0.0171875
5 0.54140625 0.91328125 0.0109375 0.0171875
5 0.57734375 0.91796875 0.0109375 0.0203125
5 0.5859375 0.91953125 0.0109375 0.0203125
5 0.71328125 0.9421875 0.0125 0.0203125
5 0.725 0.94375 0.0109375 0.0203125
5 0.73671875 0.94375 0.0125 0.0203125
5 0.74765625 0.94609375 0.0125 0.0203125
5 0.76015625 0.94765625 0.0109375 0.0203125
5 0.7703125 0.94921875 0.0125 0.0203125
5 0.78203125 0.9515625 0.0109375 0.0203125
5 0.79375 0.953125 0.0125 0.0203125
5 0.84453125 0.93828125 0.015625 0.009375
5 0.84609375 0.9265625 0.015625 0.0125
5 0.828125 0.9296875 0.0109375 0.0203125
5 0.87578125 0.90234375 0.0203125 0.0140625
5 0.87890625 0.8921875 0.0171875 0.0140625
10 0.88125 0.88046875 0.0234375 0.0140625
10 0.83515625 0.8796875 0.0125 0.0078125
0 0.809375 0.8640625 0.0390625 0.0390625
7 0.90625 0.89609375 0.034375 0.040625
5 0.78046875 0.87109375 0.015625 0.0125
5 0.78359375 0.84921875 0.015625 0.0125
10 0.3390625 0.6453125 0.0140625 0.0296875
10 0.375 0.65078125 0.0140625 0.0296875
10 0.35625 0.6546875 0.015625 0.0140625
10 0.3578125 0.6421875 0.015625 0.0140625
10 0.36015625 0.63125 0.015625 0.0125
10 0.36171875 0.6203125 0.015625 0.0140625
10 0.36328125 0.60859375 0.0125 0.0078125
10 0.36484375 0.59765625 0.0125 0.0109375
10 0.8171875 0.82421875 0.0078125 0.0140625
10 0.8484375 0.8390625 0.0046875 0.0125
12 0.94140625 0.815625 0.04375 0.1
5 0.8140625 0.71640625 0.0171875 0.0125
5 0.815625 0.7046875 0.0171875 0.0140625
5 0.8171875 0.69453125 0.0171875 0.0125
5 0.81875 0.6828125 0.0171875 0.0125
5 0.8203125 0.671875 0.015625 0.009375
5 0.86875 0.71328125 0.015625 0.0140625
5 0.8703125 0.7015625 0.015625 0.0125
5 0.87265625 0.69140625 0.015625 0.0125
5 0.87421875 0.67890625 0.015625 0.0125
10 0.7890625 0.7953125 0.0125 0.0078125
10 0.79375 0.7671875 0.0125 0.0078125
10 0.853125 0.77578125 0.0109375 0.0078125
10 0.79453125 0.74453125 0.0078125 0.0140625
10 0.84375 0.75078125 0.0078125 0.0140625
5 0.93046875 0.73359375 0.015625 0.0125
5 0.93515625 0.7 0.0171875 0.0125
0 0.84453125 0.69765625 0.0390625 0.05
5 0.85625 0.75546875 0.0125 0.0234375
10 0.06015625 0.54609375 0.0125 0.0109375
10 0.109375 0.51953125 0.0125 0.028125
10 0.12265625 0.52265625 0.0078125 0.0140625
10 0.13046875 0.5234375 0.0078125 0.0140625
10 0.1390625 0.52421875 0.0078125 0.0140625
10 0.1484375 0.52578125 0.00625 0.0125
10 0.1578125 0.52734375 0.00625 0.0125
10 0.16640625 0.52890625 0.0046875 0.0125
10 0.17578125 0.53046875 0.0046875 0.0125
10 0.184375 0.53125 0.0078125 0.0140625
5 0.05 0.4875 0.015625 0.0125
5 0.071875 0.4921875 0.015625 0.0140625
5 0.13984375 0.50390625 0.015625 0.0125
10 0.2421875 0.5109375 0.0125 0.028125
10 0.253125 0.51328125 0.0109375 0.0171875
10 0.26328125 0.51484375 0.0125 0.0203125
10 0.27265625 0.51640625 0.0078125 0.015625
10 0.28125 0.5171875 0.0078125 0.015625
10 0.290625 0.51875 0.0078125 0.015625
5 0.2359375 0.54609375 0.0171875 0.01875
5 0.240625 0.55546875 0.0171875 0.01875
10 0.28359375 0.553125 0.0171875 0.0203125
10 0.2921875 0.54375 0.01875 0.0203125
10 0.27265625 0.56171875 0.028125 0.03125
10 0.25546875 0.57890625 0.053125 0.0609375
5 0.4546875 0.6265625 0.0171875 0.01875
5 0.490625 0.59296875 0.0171875 0.01875
10 0.47421875 0.609375 0.034375 0.0375
10 0.46484375 0.59375 0.025 0.028125
10 0.45859375 0.58125 0.025 0.0296875
10 0.4515625 0.5703125 0.015625 0.01875
10 0.4453125 0.559375 0.0171875 0.0203125
10 0.43984375 0.55078125 0.01875 0.0203125
5 0.690625 0.60546875 0.0171875 0.0125
5 0.78046875 0.63046875 0.015625 0.0125
10 0.80078125 0.6 0.0140625 0.0109375
5 0.07890625 0.38671875 0.015625 0.0125
5 0.09609375 0.39296875 0.0125 0.0203125
5 0.11015625 0.41796875 0.0109375 0.0234375
5 0.11953125 0.41953125 0.0109375 0.0234375
10 0.128125 0.4203125 0.0125 0.0234375
10 0.1375 0.421875 0.0046875 0.0125
5 0.1828125 0.440625 0.0109375 0.0203125
5 0.20625 0.46015625 0.015625 0.0109375
10 0.26484375 0.36171875 0.0125 0.028125
10 0.27578125 0.36328125 0.0109375 0.0203125
10 0.28671875 0.36484375 0.0109375 0.0203125
10 0.29609375 0.36640625 0.0078125 0.0140625
10 0.30390625 0.36796875 0.0078125 0.0140625
10 0.3140625 0.36796875 0.0078125 0.0140625
10 0.3765625 0.5046875 0.0125 0.0140625
10 0.36953125 0.49140625 0.0125 0.0140625
10 0.3578125 0.4703125 0.0109375 0.0140625
10 0.3890625 0.42890625 0.0125 0.0140625
10 0.3984375 0.43046875 0.0109375 0.0140625
10 0.38125 0.48046875 0.0109375 0.0140625
10 0.384375 0.4640625 0.0078125 0.0140625
10 0.40703125 0.47109375 0.0125 0.0140625
10 0.40859375 0.45859375 0.0140625 0.0140625
10 0.415625 0.44765625 0.0125 0.0140625
10 0.39453125 0.45 0.0125 0.0140625
10 0.39921875 0.4453125 0.0109375 0.0140625
10 0.17578125 0.4640625 0.0125 0.0078125
10 0.4734375 0.5109375 0.0109375 0.01875
10 0.50546875 0.48671875 0.0125 0.0203125
10 0.5140625 0.48828125 0.0109375 0.0203125
10 0.52265625 0.4890625 0.0109375 0.0203125
10 0.5265625 0.46796875 0.0109375 0.0203125
10 0.5171875 0.4671875 0.0109375 0.0203125
10 0.50859375 0.46484375 0.0125 0.0203125
10 0.48515625 0.4375 0.0109375 0.0203125
10 0.490625 0.40703125 0.0109375 0.0203125
5 0.4859375 0.51796875 0.0171875 0.0125
5 0.4875 0.50703125 0.0171875 0.0125
5 0.49765625 0.4453125 0.0171875 0.0109375
5 0.49921875 0.43515625 0.0171875 0.0109375
5 0.50234375 0.4140625 0.0171875 0.0109375
5 0.50390625 0.403125 0.0171875 0.0109375
10 0.53984375 0.49765625 0.0234375 0.015625
10 0.5421875 0.48203125 0.0234375 0.015625
10 0.5453125 0.46484375 0.0234375 0.015625
10 0.5734375 0.49765625 0.0421875 0.0390625
10 0.571875 0.46875 0.028125 0.021875
10 0.4875 0.48515625 0.0078125 0.0140625
10 0.49609375 0.48671875 0.0078125 0.0140625
10 0.490625 0.4625 0.0078125 0.0140625
10 0.4984375 0.46328125 0.0078125 0.0140625
10 0.6015625 0.38359375 0.0109375 0.0203125
10 0.62109375 0.38515625 0.0125 0.0203125
2 0.6125 0.384375 0.0109375 0.021875
5 0.6796875 0.39140625 0.0109375 0.0203125
5 0.6875 0.39296875 0.0125 0.0203125
5 0.696875 0.39453125 0.0125 0.0203125
5 0.7109375 0.396875 0.0125 0.0203125
5 0.71953125 0.39765625 0.0109375 0.0203125
5 0.72890625 0.39921875 0.0109375 0.0203125
5 0.73671875 0.40078125 0.0109375 0.0203125
5 0.80078125 0.58828125 0.0171875 0.0125
5 0.8078125 0.54296875 0.0171875 0.0109375
5 0.81171875 0.521875 0.0171875 0.0109375
10 0.80234375 0.578125 0.009375 0.0078125
10 0.809375 0.53359375 0.009375 0.0078125
10 0.81328125 0.51015625 0.009375 0.0078125
5 0.80390625 0.47421875 0.015625 0.0125
5 0.81796875 0.41953125 0.0125 0.0203125
5 0.8078125 0.41796875 0.0109375 0.0203125
10 0.8265625 0.4203125 0.009375 0.01875
10 0.8296875 0.3984375 0.0109375 0.0203125
5 0.8625 0.44765625 0.0171875 0.0125
5 0.8875 0.44765625 0.0109375 0.0203125
5 0.90234375 0.44296875 0.015625 0.009375
0 0.8515625 0.41328125 0.0296875 0.03125
5 0.89375 0.4015625 0.046875 0.0328125
10 0.984375 0.34140625 0.03125 0.0234375
5 0.9890625 0.31875 0.0171875 0.0125
0 0.08359375 0.30078125 0.0453125 0.0578125
10 0.1140625 0.30546875 0.0078125 0.0140625
10 0.1375 0.3203125 0.009375 0.0171875
10 0.14921875 0.321875 0.009375 0.0171875
10 0.159375 0.321875 0.0046875 0.0125
10 0.16875 0.3234375 0.0078125 0.015625
10 0.178125 0.325 0.0078125 0.015625
10 0.18671875 0.3265625 0.0078125 0.015625
10 0.19609375 0.32734375 0.0078125 0.015625
10 0.2046875 0.32890625 0.0078125 0.015625
10 0.21328125 0.33046875 0.0078125 0.015625
10 0.221875 0.33203125 0.0078125 0.015625
10 0.396875 0.2671875 0.0125 0.028125
10 0.4328125 0.271875 0.0125 0.028125
10 0.40625 0.3296875 0.0125 0.0109375
10 0.4078125 0.3203125 0.0125 0.009375
10 0.409375 0.30859375 0.0125 0.0109375
10 0.41015625 0.296875 0.0171875 0.0109375
10 0.4125 0.28515625 0.0171875 0.0109375
10 0.4140625 0.275 0.0171875 0.0109375
10 0.415625 0.26328125 0.0171875 0.0109375
10 0.47109375 0.37890625 0.015625 0.0203125
10 0.48046875 0.37109375 0.01875 0.0203125
10 0.49140625 0.36171875 0.0265625 0.0296875
10 0.503125 0.35078125 0.0328125 0.0375
10 0.51328125 0.3171875 0.0171875 0.0109375
5 0.5109375 0.30078125 0.0125 0.0203125
5 0.51953125 0.3015625 0.0109375 0.0203125
0 0.6234375 0.27578125 0.06875 0.0703125
5 0.66171875 0.26953125 0.0125 0.025
5 0.69453125 0.3578125 0.0109375 0.0203125
5 0.71640625 0.3546875 0.0171875 0.0109375
5 0.72890625 0.24140625 0.0171875 0.0125
10 0.7296875 0.2296875 0.0171875 0.0109375
10 0.27890625 0.2375 0.028125 0.021875
5 0.325 0.24375 0.009375 0.01875
5 0.3328125 0.24609375 0.009375 0.01875
10 0.3265625 0.26015625 0.0125 0.0078125
5 0.1171875 0.2140625 0.0109375 0.0203125
5 0.125 0.21484375 0.0109375 0.0203125
5 0.1609375 0.22109375 0.009375 0.01875
5 0.16953125 0.22265625 0.009375 0.01875
5 0.2078125 0.22734375 0.009375 0.01875
5 0.21640625 0.22890625 0.0109375 0.0203125
5 0.10703125 0.1296875 0.015625 0.009375
5 0.10859375 0.11796875 0.015625 0.0125
5 0.10703125 0.1015625 0.0109375 0.0203125
5 0.11484375 0.103125 0.0125 0.0203125
10 0.1140625 0.08515625 0.015625 0.009375
5 0.1328125 0.134375 0.015625 0.009375
5 0.13359375 0.121875 0.015625 0.0125
5 0.13203125 0.10546875 0.0125 0.0203125
5 0.14140625 0.10703125 0.0125 0.0203125
10 0.140625 0.0890625 0.01875 0.0140625
5 0.1578125 0.13828125 0.015625 0.009375
5 0.16015625 0.12578125 0.015625 0.0125
5 0.15859375 0.1078125 0.0125 0.0203125
5 0.16640625 0.109375 0.0125 0.0203125
10 0.16484375 0.09296875 0.01875 0.0140625
10 0.1921875 0.096875 0.0171875 0.0140625
5 0.184375 0.1125 0.009375 0.01875
5 0.19453125 0.1140625 0.009375 0.01875
5 0.1859375 0.12890625 0.015625 0.0125
5 0.18515625 0.1421875 0.0171875 0.0109375
5 0.2109375 0.14609375 0.0171875 0.0109375
5 0.21328125 0.13359375 0.0171875 0.0125
5 0.2109375 0.115625 0.009375 0.01875
5 0.21953125 0.1171875 0.009375 0.01875
10 0.21875 0.09921875 0.0203125 0.0125
5 0.234375 0.14921875 0.0171875 0.0109375
5 0.23671875 0.13671875 0.0171875 0.0125
5 0.24375 0.12109375 0.009375 0.01875
5 0.234375 0.11953125 0.0125 0.0203125
10 0.24140625 0.103125 0.0171875 0.0125
5 0.17265625 0.04140625 0.0125 0.0203125
5 0.18203125 0.04296875 0.0109375 0.0203125
5 0.2046875 0.046875 0.009375 0.01875
5 0.2171875 0.046875 0.009375 0.01875
5 0.28359375 0.0578125 0.0125 0.0203125
5 0.29765625 0.059375 0.009375 0.01875
5 0.3640625 0.06875 0.0125 0.0203125
5 0.3765625 0.07109375 0.0125 0.0203125
5 0.44296875 0.09140625 0.0125 0.0203125
5 0.5140625 0.10078125 0.0125 0.0203125
5 0.58515625 0.11171875 0.0125 0.0203125
5 0.65703125 0.12265625 0.0109375 0.0203125
0 0.29453125 0.13828125 0.0359375 0.0421875
10 0.3171875 0.13515625 0.0078125 0.0140625
2 0.31875 0.15625 0.0171875 0.0125
10 0.365625 0.153125 0.01875 0.0359375
10 0.39765625 0.1578125 0.0203125 0.0359375
2 0.38125 0.15546875 0.01875 0.0359375
10 0.4078125 0.1609375 0.0125 0.0203125
10 0.41875 0.1609375 0.0109375 0.0203125
5 0.51640625 0.203125 0.0109375 0.0203125
5 0.52578125 0.20234375 0.0109375 0.0203125
10 0.53359375 0.20546875 0.0125 0.0203125
10 0.5375 0.1828125 0.0125 0.0203125
10 0.7359375 0.1453125 0.0109375 0.0203125
10 0.8609375 0.16328125 0.0109375 0.0203125
5 0.76796875 0.1734375 0.01875 0.0125
5 0.83125 0.18359375 0.01875 0.0125
5 0.89375 0.19296875 0.0203125 0.0140625
5 0.95625 0.203125 0.01875 0.0140625
5 0.75390625 0.146875 0.0125 0.021875
5 0.76328125 0.1484375 0.0125 0.021875
5 0.7671875 0.115625 0.0109375 0.0203125
5 0.75859375 0.11484375 0.0125 0.0203125
5 0.7625 0.08046875 0.0125 0.0203125
5 0.77109375 0.0828125 0.0109375 0.0203125
0 0.78984375 0.153125 0.028125 0.0296875
0 0.79453125 0.1203125 0.028125 0.0296875
0 0.8 0.0859375 0.028125 0.0296875
0 0.91484375 0.171875 0.0296875 0.03125
0 0.9203125 0.13828125 0.028125 0.0296875
0 0.925 0.1046875 0.028125 0.0296875
5 0.81640625 0.15703125 0.0109375 0.021875
5 0.82578125 0.15859375 0.0109375 0.021875
5 0.83046875 0.125 0.0109375 0.0234375
5 0.82109375 0.1234375 0.0109375 0.0234375
5 0.8265625 0.0890625 0.0109375 0.021875
5 0.83515625 0.090625 0.0125 0.021875
5 0.87890625 0.16640625 0.009375 0.01875
5 0.88828125 0.1671875 0.0125 0.0203125
5 0.884375 0.1328125 0.0125 0.0203125
5 0.89296875 0.134375 0.0125 0.0203125
5 0.8890625 0.09921875 0.0125 0.021875
5 0.8984375 0.10078125 0.0125 0.021875
5 0.9421875 0.17578125 0.0125 0.0203125
5 0.95078125 0.17578125 0.0109375 0.0234375
5 0.94375 0.140625 0.0109375 0.0203125
5 0.95234375 0.1421875 0.0125 0.0203125
5 0.94765625 0.10703125 0.0109375 0.0234375
5 0.95859375 0.109375 0.0109375 0.0234375
7 0.99296875 0.246875 0.0140625 0.040625
5 0.98125 0.24765625 0.0125 0.0203125
0 0.5578125 0.2046875 0.0328125 0.034375
5 0.88203125 0.2671875 0.0125 0.0203125
5 0.8953125 0.2421875 0.0125 0.0203125
5 0.90390625 0.24453125 0.0109375 0.0203125