6 0.94140625 0.80703125 0.078125 0.06875
12 0.84296875 0.80078125 0.146875 0.1734375
12 0.68359375 0.8328125 0.1484375 0.1796875
12 0.52109375 0.86328125 0.14375 0.175
12 0.36328125 0.89296875 0.14375 0.175
6 0.26484375 0.93671875 0.078125 0.0671875
12 0.190625 0.53046875 0.059375 0.0921875
10 0.175 0.46171875 0.034375 0.0359375
12 0.19140625 0.26796875 0.1265625 0.0828125
12 0.33203125 0.23984375 0.15625 0.0828125
6 0.12890625 0.15234375 0.05625 0.1046875
6 0.18515625 0.14375 0.05625 0.10625
6 0.24765625 0.13125 0.05625 0.1046875
6 0.3109375 0.11875 0.05625 0.1046875
6 0.38671875 0.1140625 0.06875 0.1390625
6 0.4421875 0.1046875 0.06875 0.1421875
6 0.496875 0.0921875 0.06875 0.1390625
6 0.55390625 0.08125 0.06875 0.1421875
5 0.59140625 0.01875 0.0171875 0.015625
5 0.59296875 0.0296875 0.0171875 0.015625
5 0.5953125 0.040625 0.0171875 0.015625
5 0.640625 0.009375 0.0171875 0.015625
5 0.64296875 0.0203125 0.0171875 0.0125
5 0.64453125 0.03125 0.0171875 0.015625
5 0.68828125 0.00390625 0.0171875 0.0078125
5 0.69140625 0.0109375 0.0171875 0.015625
5 0.69375 0.02109375 0.0171875 0.0125
5 0.7390625 0.00390625 0.015625 0.0078125
5 0.7421875 0.01171875 0.0171875 0.0125
5 0.5953125 0.1671875 0.0109375 0.021875
5 0.60234375 0.165625 0.0125 0.021875
5 0.609375 0.1640625 0.0125 0.0234375
5 0.62578125 0.1609375 0.0125 0.0234375
5 0.63359375 0.16015625 0.0109375 0.0234375
5 0.63984375 0.15859375 0.0109375 0.0234375
5 0.64765625 0.15703125 0.0125 0.0234375
5 0.71328125 0.165625 0.015625 0.0296875
5 0.728125 0.240625 0.015625 0.0296875
5 0.70546875 0.2 0.01875 0.0171875
5 0.70703125 0.2109375 0.015625 0.0109375
5 0.665625 0.29765625 0.0140625 0.0125
5 0.653125 0.29921875 0.0171875 0.0140625
5 0.63515625 0.30234375 0.0171875 0.0140625
5 0.62109375 0.30546875 0.0171875 0.0140625
5 0.62109375 0.28828125 0.0125 0.0234375
5 0.65859375 0.28125 0.0109375 0.0203125
5 0.5140625 0.29765625 0.0203125 0.0328125
5 0.4921875 0.21171875 0.01875 0.015625
5 0.67265625 0.403125 0.0125 0.0234375
5 0.68046875 0.40234375 0.0109375 0.0234375
5 0.68671875 0.39921875 0.0125 0.0234375
5 0.628125 0.43203125 0.0171875 0.015625
5 0.9015625 0.640625 0.01875 0.0171875
5 0.8625 0.70234375 0.0171875 0.0140625
5 0.86015625 0.690625 0.0171875 0.0140625
5 0.80234375 0.69140625 0.0109375 0.0203125
5 0.79453125 0.6921875 0.0125 0.025
5 0.80546875 0.63671875 0.0125 0.0234375
5 0.78125 0.61875 0.0109375 0.0234375
5 0.775 0.5875 0.0140625 0.025
5 0.69140625 0.6796875 0.0125 0.0234375
5 0.67734375 0.60625 0.0125 0.0234375
5 0.66953125 0.6078125 0.0109375 0.0234375
5 0.6109375 0.5875 0.0125 0.0234375
5 0.603125 0.58828125 0.0125 0.0234375
5 0.59609375 0.58984375 0.0109375 0.0234375
5 0.58203125 0.5921875 0.0125 0.0234375
5 0.575 0.609375 0.015625 0.0140625
5 0.578125 0.6203125 0.015625 0.015625
1 0.8234375 0.096875 0.0125 0.0296875
1 0.77421875 0.05859375 0.0171875 0.0125
1 0.72421875 0.06875 0.01875 0.0140625
1 0.675 0.078125 0.01875 0.0140625
1 0.62578125 0.08828125 0.01875 0.0140625
1 0.7609375 0.00703125 0.025 0.0140625
1 0.71171875 0.01171875 0.0265625 0.0234375
1 0.66328125 0.01796875 0.0234375 0.0359375
1 0.6140625 0.02578125 0.0234375 0.034375
1 0.909375 0.5296875 0.0203125 0.0171875
1 0.915625 0.5609375 0.01875 0.0125
1 0.93203125 0.75390625 0.0203125 0.0171875
12 0.93828125 0.6234375 0.06875 0.1015625
12 0.81953125 0.41640625 0.2296875 0.2234375
12 0.8125 0.1734375 0.1296875 0.1234375
12 0.3 0.74140625 0.1578125 0.0828125
12 0.47265625 0.70703125 0.1953125 0.090625
10 0.909375 0.68125 0.0171875 0.0296875
10 0.90703125 0.6609375 0.0171875 0.0125
10 0.903125 0.65 0.0140625 0.0109375
10 0.8953125 0.6078125 0.0109375 0.0078125
10 0.89296875 0.59765625 0.0171875 0.0140625
10 0.89296875 0.57109375 0.0171875 0.03125
10 0.84296875 0.5640625 0.0109375 0.0140625
2 0.89609375 0.6859375 0.0171875 0.0265625
2 0.8796875 0.56796875 0.0140625 0.0296875
10 0.6625 0.15859375 0.0203125 0.0328125
10 0.66796875 0.190625 0.0171875 0.0328125
10 0.6765625 0.2328125 0.015625 0.03125
10 0.6953125 0.2078125 0.0109375 0.0234375
10 0.684375 0.2046875 0.015625 0.015625
10 0.6546875 0.18046875 0.0125 0.0234375
10 0.66875 0.253125 0.0140625 0.025
10 0.68203125 0.26328125 0.0171875 0.0328125
2 0.690625 0.17109375 0.0390625 0.05
2 0.70625 0.24609375 0.0390625 0.05
2 0.54609375 0.19296875 0.0375 0.0515625
2 0.55546875 0.28359375 0.0578125 0.0734375
2 0.69609375 0.3703125 0.0140625 0.028125
10 0.71171875 0.45 0.009375 0.00625
10 0.71015625 0.4390625 0.0078125 0.0078125
10 0.70703125 0.428125 0.0078125 0.00625
10 0.70546875 0.41875 0.0171875 0.015625
10 0.659375 0.3875 0.0078125 0.0140625
10 0.64296875 0.41328125 0.00625 0.0140625
10 0.62734375 0.41328125 0.0234375 0.01875
10 0.64609375 0.38828125 0.01875 0.0171875
10 0.65546875 0.675 0.0296875 0.046875
10 0.63984375 0.6328125 0.0203125 0.0203125
10 0.64296875 0.61328125 0.021875 0.0203125
10 0.5703125 0.5890625 0.015625 0.0140625
10 0.5734375 0.59921875 0.01875 0.0171875
10 0.58125 0.64453125 0.0171875 0.0328125
10 0.6640625 0.50625 0.00625 0.0125
10 0.6484375 0.50859375 0.025 0.021875
10 0.6 0.27890625 0.01875 0.034375
10 0.5953125 0.24140625 0.0125 0.0265625
10 0.58984375 0.2140625 0.0125 0.0234375
10 0.5875 0.16875 0.009375 0.0203125
10 0.57890625 0.17890625 0.015625 0.0328125
10 0.5234375 0.20546875 0.015625 0.0296875
10 0.51015625 0.21015625 0.01875 0.0359375
10 0.50625 0.2578125 0.028125 0.0453125
5 0.36640625 0.26328125 0.0140625 0.0265625
10 0.66640625 0.28046875 0.0109375 0.0234375
10 0.64921875 0.28046875 0.0109375 0.0234375
10 0.634375 0.28359375 0.0125 0.0234375
10 0.61484375 0.290625 0.0109375 0.0234375
0 0.678125 0.45703125 0.059375 0.078125
0 0.8484375 0.6296875 0.0890625 0.1125
0 0.7375 0.65234375 0.1 0.1296875
0 0.6109375 0.62734375 0.040625 0.053125
2 0.615625 0.69375 0.0734375 0.090625
0 0.26796875 0.49375 0.1 0.1625
0 0.628125 0.2234375 0.06875 0.090625
0 0.43515625 0.45859375 0.1984375 0.2546875
12 0.85 0.26640625 0.028125 0.059375
12 0.59765625 0.83359375 0.0484375 0.1609375
10 0.70078125 0.39609375 0.021875 0.0203125
12 0.246875 0.85234375 0.04375 0.0453125
12 0.2109375 0.653125 0.0421875 0.034375
12 0.83203125 0.26796875 0.03125 0.0671875