12 0.828125 0.59609375 0.20625 0.534375
7 0.50625 0.86171875 0.1171875 0.1234375
10 0.59609375 0.87109375 0.0640625 0.096875
5 0.56640625 0.73359375 0.071875 0.096875
5 0.6828125 0.75546875 0.053125 0.078125
5 0.50859375 0.30390625 0.08125 0.0546875
5 0.484375 0.42890625 0.0703125 0.053125
5 0.4671875 0.484375 0.0828125 0.05625
10 0.53359375 0.18515625 0.0921875 0.05625
10 0.5265625 0.23984375 0.084375 0.0515625
10 0.4484375 0.5890625 0.0828125 0.05625
10 0.42578125 0.653125 0.1 0.0625
10 0.40859375 0.7203125 0.0921875 0.05625
10 0.39921875 0.78984375 0.078125 0.0421875