14 0.52265625 0.4890625 0.2921875 0.2609375
11 0.29140625 0.70859375 0.1140625 0.0859375
11 0.28046875 0.5796875 0.1140625 0.0890625
10 0.271875 0.33515625 0.140625 0.1171875
10 0.2609375 0.21875 0.1328125 0.11875
10 0.15703125 0.32421875 0.0546875 0.0625
10 0.30234375 0.4515625 0.0359375 0.0453125
10 0.74140625 0.3125 0.084375 0.2765625
10 0.7609375 0.5265625 0.0453125 0.0609375
10 0.7328125 0.6640625 0.03125 0.096875
12 0.14765625 0.64765625 0.1203125 0.196875
12 0.9328125 0.42421875 0.128125 0.3328125
12 0.69453125 0.84140625 0.1015625 0.2140625
12 0.83359375 0.503125 0.0546875 0.140625
5 0.78515625 0.72890625 0.0796875 0.0875
5 0.8515625 0.66171875 0.0765625 0.059375
5 0.19296875 0.46875 0.1171875 0.1