12 0.60078125 0.8 0.121875 0.1171875
12 0.80078125 0.69375 0.146875 0.121875
12 0.1962363625 0.3328090703125 0.6422596234375 0.1298001484375 0.594312075 0.04837349375 0.1315630484375 0.25011500625 0.1962363625 0.3328090703125
4 0.66015625 0.26640625 0.34375 0.3046875
4 0.41953125 0.375 0.34375 0.325
7 0.396875 0.696875 0.0609375 0.0734375
7 0.77421875 0.50625 0.065625 0.059375
13 0.70390625 0.53671875 0.059375 0.059375
13 0.478125 0.64765625 0.0625 0.05625
1 0.43046875 0.79765625 0.065625 0.05
1 0.85625 0.59140625 0.0484375 0.0421875
5 0.47578125 0.71953125 0.05625 0.046875
5 0.50546875 0.76328125 0.0546875 0.0375
5 0.75703125 0.58359375 0.0515625 0.040625
5 0.790625 0.62421875 0.0515625 0.03125
0 0.68828125 0.63359375 0.10625 0.1140625
0 0.60234375 0.68046875 0.1296875 0.125