1 0.1928838953125 0.1343344140625 0.0646067421875 0.10957792343749999 0.0056179765625 0.16274350625 0.1282771546875 0.1899350640625 0.1928838953125 0.1343344140625
1 0.4288389515625 0.06209415625 0.3698501875 0.0073051953125 0.24812734218750002 0.028409092187500002 0.2986891390625 0.08685065 0.4288389515625 0.06209415625
1 0.77153558125 0.032061687500000005 0.6507490640625 0.0081168828125 0.5973782765625 0.052353895312499996 0.7162921359375 0.08766233749999999 0.77153558125 0.032061687500000005
1 1 0.1692370125 0.9531835203125001 0.1164772734375 0.81741573125 0.1363636359375 0.87359550625 0.19318181875 1 0.1692370125
0 0.53515625 0.78515625 0.271875 0.128125
13 0.76796875 0.7 0.128125 0.0984375
5 0.47421875 0.615625 0.146875 0.028125
5 0.51328125 0.91015625 0.1125 0.028125
5 0.225 0.91015625 0.1125 0.028125
5 0.84765625 0.815625 0.0796875 0.0390625
1 0.7375 0.91328125 0.121875 0.021875
0 0.403125 0.66953125 0.109375 0.0546875
10 0.18046875 0.68671875 0.053125 0.046875
10 0.26328125 0.684375 0.071875 0.04375
10 0.60859375 0.67734375 0.153125 0.0515625