2 0.659375 0.34921875 0.1796875 0.1859375
2 0.65859375 0.58671875 0.184375 0.18125
13 0.65625 0.72578125 0.1125 0.08125
10 0.28125 0.71796875 0.1671875 0.1640625
10 0.284375 0.29296875 0.159375 0.153125
10 0.4625 0.290625 0.146875 0.15625
0 0.384375 0.50546875 0.1328125 0.2
10 0.459375 0.715625 0.1484375 0.153125
10 0.23984375 0.4 0.0296875 0.021875
10 0.240625 0.475 0.03125 0.01875
10 0.240625 0.49765625 0.028125 0.0171875
10 0.240625 0.521875 0.0296875 0.0171875
10 0.5125 0.41171875 0.0296875 0.021875
10 0.51171875 0.43515625 0.03125 0.0171875
10 0.5125 0.484375 0.03125 0.01875
10 0.51328125 0.50703125 0.0296875 0.01875
10 0.51328125 0.55546875 0.034375 0.015625
10 0.509375 0.58515625 0.03125 0.01875
10 0.66328125 0.471875 0.028125 0.03125
10 0.6875 0.47421875 0.0171875 0.03125
10 0.73515625 0.47265625 0.0203125 0.0296875
10 0.565625 0.23046875 0.0203125 0.034375
10 0.66171875 0.228125 0.0234375 0.0375
10 0.684375 0.22734375 0.01875 0.0359375
10 0.73125 0.22890625 0.01875 0.0359375
5 0.240625 0.425 0.025 0.015625
5 0.23984375 0.44921875 0.025 0.0171875
5 0.24296875 0.546875 0.025 0.0171875
5 0.240625 0.56875 0.0234375 0.0171875
5 0.23984375 0.59296875 0.0234375 0.01875
5 0.709375 0.47109375 0.01875 0.028125
5 0.70703125 0.22734375 0.0171875 0.034375
1 0.62734375 0.784375 0.0375 0.025
5 0.68203125 0.78515625 0.0359375 0.01875
10 0.56015625 0.76875 0.01875 0.03125
5 0.17265625 0.49921875 0.03125 0.015625