8 0.52734375 0.8296875 0.7984375 0.340625
11 0.4859375 0.63984375 0.2125 0.0671875
10 0.42890625 0.34765625 0.059375 0.0890625
10 0.33046875 0.36171875 0.06875 0.0625
5 0.64453125 0.33359375 0.059375 0.0671875
5 0.54453125 0.3421875 0.0640625 0.0640625
5 0.52109375 0.2203125 0.090625 0.0359375
5 0.54765625 0.07421875 0.0953125 0.0359375
5 0.6671875 0.6234375 0.0515625 0.065625
5 0.3171875 0.56484375 0.090625 0.0453125
5 0.30703125 0.4671875 0.1 0.04375
5 0.68515625 0.43671875 0.1109375 0.046875
0 0.503125 0.4921875 0.153125 0.128125
1 0.3734375 0.07890625 0.14375 0.0609375