6 0.32734375 0.13359375 0.259375 0.1390625
6 0.32578125 0.37265625 0.2515625 0.15
6 0.71171875 0.37109375 0.2625 0.140625
6 0.7125 0.1375 0.2546875 0.146875
13 0.08515625 0.09921875 0.065625 0.0859375
13 0.08515625 0.334375 0.06875 0.084375
13 0.95078125 0.33671875 0.0671875 0.078125
13 0.953125 0.09609375 0.065625 0.08125
1 0.77890625 0.87578125 0.159375 0.0796875
5 0.25703125 0.86015625 0.1 0.034375
5 0.65625 0.87421875 0.040625 0.05
5 0.79609375 0.53984375 0.090625 0.0234375
5 0.09765625 0.25390625 0.075 0.0234375
5 0.26640625 0.25390625 0.0671875 0.028125
5 0.76796875 0.25546875 0.1 0.028125
5 0.92890625 0.259375 0.08125 0.028125
5 0.11015625 0.021875 0.1 0.03125
5 0.2625 0.02578125 0.090625 0.03125
5 0.76640625 0.021875 0.075 0.0234375
5 0.93359375 0.02265625 0.0921875 0.03125
10 0.42734375 0.02109375 0.103125 0.03125
10 0.60703125 0.01953125 0.1109375 0.03125
10 0.43203125 0.25390625 0.084375 0.028125
10 0.6125 0.25703125 0.078125 0.0296875
10 0.390625 0.53203125 0.1125 0.0359375
10 0.60625 0.5375 0.0984375 0.03125
0 0.33046875 0.671875 0.240625 0.203125
0 0.69921875 0.67421875 0.2171875 0.2046875