12 0.2875 0.1921875 0.2046875 0.125
12 0.4828125 0.2359375 0.225 0.14375
12 0.7015625 0.29453125 0.221875 0.1515625
12 0.890625 0.34140625 0.2078125 0.1484375
4 0.23046875 0.37265625 0.2578125 0.2890625
4 0.43359375 0.41484375 0.265625 0.296875
4 0.65703125 0.47421875 0.2578125 0.309375
4 0.8671875 0.525 0.2609375 0.296875
13 0.2015625 0.53125 0.0859375 0.0546875
13 0.403125 0.578125 0.0859375 0.046875
13 0.61171875 0.62734375 0.0796875 0.0453125
13 0.8109375 0.671875 0.0828125 0.046875
7 0.11640625 0.5609375 0.05625 0.0515625
7 0.33671875 0.61171875 0.0484375 0.05625
7 0.5296875 0.65625 0.05625 0.05625
7 0.73046875 0.70390625 0.046875 0.0546875
12 0.92578125 0.76640625 0.0671875 0.09375
12 0.72265625 0.8546875 0.2125 0.0953125
0 0.19921875 0.64375 0.09375 0.121875
0 0.42109375 0.6890625 0.084375 0.1140625
0 0.621875 0.74140625 0.0875 0.1203125
0 0.8296875 0.7859375 0.0921875 0.121875
1 0.24609375 0.75703125 0.0546875 0.0453125
1 0.33046875 0.77578125 0.05625 0.04375
1 0.4125 0.79609375 0.05625 0.046875
1 0.5015625 0.8140625 0.059375 0.04375
5 0.10390625 0.62109375 0.0515625 0.0390625
5 0.09609375 0.66328125 0.04375 0.0296875
5 0.334375 0.6703125 0.05 0.040625
5 0.33125 0.71484375 0.0578125 0.040625
5 0.52734375 0.71875 0.0546875 0.0390625
5 0.52109375 0.759375 0.05 0.0328125
5 0.7234375 0.76015625 0.0625 0.0484375
5 0.7109375 0.80078125 0.0546875 0.0359375