0 0.4359375 0.9609375 0.121875 0.078125
0 0.45546875 0.78671875 0.271875 0.2578125
6 0.68671875 0.41875 0.165625 0.0890625
3 0.39140625 0.35625 0.3125 0.3
6 0.48828125 0.57109375 0.23125 0.109375
7 0.84140625 0.659375 0.1296875 0.0890625
1 0.78828125 0.990625 0.1421875 0.01875
1 0.66328125 0.1046875 0.1265625 0.078125
5 0.78515625 0.93828125 0.1078125 0.059375
5 0.79296875 0.85546875 0.128125 0.0640625
5 0.53671875 0.20859375 0.0890625 0.0609375
5 0.525 0.07421875 0.08125 0.0484375
5 0.11328125 0.74609375 0.125 0.0625
5 0.1296875 0.678125 0.11875 0.0609375
5 0.14765625 0.60546875 0.1046875 0.06875
10 0.09140625 0.89140625 0.1015625 0.0640625
10 0.09375 0.81640625 0.09375 0.0734375
10 0.8140625 0.7703125 0.1109375 0.0703125