7 0.746875 0.14375 0.1875 0.2875
7 0.540625 0.15546875 0.20625 0.3109375
7 0.3265625 0.1640625 0.1859375 0.309375
7 0.378125 0.5421875 0.18125 0.35
7 0.59453125 0.54453125 0.15 0.340625
7 0.86171875 0.51328125 0.1828125 0.34375
5 0.71953125 0.48203125 0.0640625 0.1671875
5 0.5609375 0.89609375 0.0765625 0.0890625
5 0.45078125 0.90625 0.0921875 0.10625
10 0.565625 0.9890625 0.0734375 0.021875
10 0.66171875 0.93828125 0.0640625 0.0984375
10 0.753125 0.92265625 0.1078125 0.115625
10 0.35859375 0.9640625 0.0640625 0.071875