12 0.15 0.8671875 0.128125 0.1390625
12 0.4390625 0.9015625 0.325 0.196875
12 0.7328125 0.925 0.125 0.1390625
6 0.8859375 0.75546875 0.125 0.1328125
11 0.6078125 0.67578125 0.1328125 0.0734375
0 0.546875 0.53203125 0.2375 0.1546875
0 0.33359375 0.06640625 0.103125 0.071875
0 0.51953125 0.084375 0.13125 0.090625
10 0.3921875 0.77890625 0.0265625 0.0296875
10 0.44921875 0.784375 0.0265625 0.0296875
5 0.365625 0.68515625 0.0234375 0.0234375
5 0.40625 0.690625 0.021875 0.028125
5 0.70703125 0.6953125 0.021875 0.028125
5 0.50234375 0.653125 0.0265625 0.0296875
5 0.54921875 0.13515625 0.0453125 0.021875
1 0.2671875 0.34453125 0.109375 0.04375
1 0.70625 0.12734375 0.0953125 0.05
7 0.40625 0.33671875 0.1328125 0.0953125
7 0.25546875 0.45859375 0.1390625 0.096875
5 0.2828125 0.52109375 0.0640625 0.025
5 0.340625 0.540625 0.0328125 0.0390625
5 0.703125 0.44609375 0.0328125 0.034375
5 0.72578125 0.63203125 0.04375 0.0484375
5 0.2328125 0.2859375 0.0375 0.0421875
5 0.29453125 0.29296875 0.0453125 0.0484375
5 0.57890625 0.3828125 0.0234375 0.0265625
5 0.696875 0.39765625 0.03125 0.0265625
5 0.2953125 0.11015625 0.059375 0.0265625
5 0.42109375 0.12578125 0.04375 0.0265625
5 0.71015625 0.0875 0.084375 0.04375
5 0.41015625 0.4234375 0.059375 0.0328125