12 0.121875 0.2625 0.2421875 0.25625
12 0.12890625 0.7625 0.228125 0.25
12 0.940625 0.74140625 0.11875 0.215625
12 0.93671875 0.2625 0.115625 0.20625
6 0.634375 0.740625 0.0875 0.1734375
6 0.59921875 0.25859375 0.0875 0.203125
11 0.50859375 0.15234375 0.0609375 0.0984375
11 0.51953125 0.63671875 0.075 0.096875
1 0.70625 0.13203125 0.0859375 0.059375
1 0.70859375 0.203125 0.0875 0.0546875
1 0.703125 0.29921875 0.0921875 0.059375
1 0.70859375 0.3875 0.08125 0.046875
1 0.76796875 0.67734375 0.0484375 0.03125
1 0.76796875 0.725 0.0484375 0.034375
1 0.76796875 0.76875 0.05 0.025
1 0.771875 0.81328125 0.0515625 0.03125
5 0.70859375 0.67890625 0.040625 0.028125
5 0.71015625 0.72578125 0.04375 0.03125
5 0.71171875 0.765625 0.046875 0.03125
5 0.71015625 0.81640625 0.046875 0.034375
0 0.39296875 0.23984375 0.2109375 0.25
0 0.38828125 0.746875 0.1859375 0.2671875