10 0.42734375 0.85625 0.1625 0.271875
10 0.29453125 0.821875 0.165625 0.2859375
10 0.17578125 0.7828125 0.1484375 0.259375
10 0.4546875 0.68359375 0.14375 0.2375
10 0.30703125 0.64140625 0.125 0.1453125
10 0.1828125 0.59453125 0.1203125 0.1328125
10 0.5609375 0.39609375 0.2328125 0.4609375
10 0.371875 0.19375 0.1796875 0.1546875
10 0.2125 0.15703125 0.16875 0.1625
10 0.4078125 0.45234375 0.228125 0.3703125
10 0.234375 0.38671875 0.2125 0.35625
10 0.0953125 0.38203125 0.190625 0.4734375
10 0.603125 0.64921875 0.05625 0.0578125
7 0.96015625 0.68671875 0.0796875 0.1234375
7 0.96328125 0.6015625 0.0734375 0.078125
10 0.8328125 0.678125 0.05 0.0828125
0 0.69375 0.79765625 0.3140625 0.296875
10 0.928125 0.78984375 0.0546875 0.0484375
10 0.9203125 0.8046875 0.046875 0.0484375
10 0.91171875 0.8359375 0.0515625 0.0453125
10 0.896875 0.8640625 0.0484375 0.04375
10 0.88515625 0.89375 0.05625 0.05
10 0.86953125 0.92265625 0.059375 0.0421875
10 0.86953125 0.9390625 0.05 0.025