2 0.44921875 0.24921875 0.7125 0.2796875
2 0.44375 0.646875 0.7 0.271875
13 0.42734375 0.871875 0.5546875 0.11875
10 0.075 0.06796875 0.0875 0.065625
10 0.47109375 0.06953125 0.096875 0.0609375
10 0.56328125 0.059375 0.0734375 0.059375
10 0.77265625 0.06328125 0.0875 0.0625
5 0.66328125 0.06015625 0.0984375 0.0484375
5 0.66953125 0.45859375 0.071875 0.046875
10 0.46328125 0.46328125 0.1359375 0.06875
10 0.565625 0.459375 0.078125 0.05625
10 0.79140625 0.46015625 0.1125 0.05625
10 0.04765625 0.93984375 0.0921875 0.0625
1 0.31953125 0.96796875 0.19375 0.0234375
5 0.54375 0.97109375 0.14375 0.0375