0 0.51328125 0.07890625 0.1421875 0.0671875
10 0.56015625 0.03359375 0.1109375 0.0375
10 0.70078125 0.265625 0.1 0.0359375
5 0.33203125 0.26484375 0.075 0.03125
5 0.46640625 0.25859375 0.1 0.04375
5 0.409375 0.55703125 0.090625 0.0359375
5 0.378125 0.66328125 0.053125 0.059375
5 0.51484375 0.665625 0.04375 0.05
5 0.653125 0.67421875 0.059375 0.059375
5 0.48203125 0.79375 0.1171875 0.0375
5 0.43515625 0.9125 0.121875 0.021875
1 0.6 0.92421875 0.13125 0.059375
1 0.61796875 0.55703125 0.121875 0.03125