13 0.89453125 0.06640625 0.1515625 0.1328125
10 0.31875 0.03125 0.0796875 0.053125
10 0.61953125 0.21171875 0.0828125 0.0671875
0 0.47265625 0.0890625 0.171875 0.1171875
7 0.25625 0.2640625 0.10625 0.0890625
7 0.25859375 0.403125 0.115625 0.0953125
7 0.28828125 0.54609375 0.090625 0.075
7 0.30703125 0.690625 0.1109375 0.075
7 0.30234375 0.83359375 0.1125 0.08125
7 0.2984375 0.9640625 0.11875 0.071875
5 0.45234375 0.3265625 0.084375 0.0625
5 0.4515625 0.4375 0.0734375 0.06875
5 0.4578125 0.56796875 0.071875 0.071875
5 0.4546875 0.7078125 0.0796875 0.078125
5 0.47734375 0.8359375 0.0765625 0.0609375
5 0.4890625 0.9671875 0.06875 0.065625
5 0.71484375 0.15703125 0.1015625 0.0484375