0 0.53828125 0.35546875 0.1875 0.3828125
13 0.52734375 0.67734375 0.165625 0.1078125
1 0.284375 0.84921875 0.04375 0.0984375
10 0.75546875 0.16640625 0.0578125 0.0546875
10 0.75390625 0.24375 0.0578125 0.046875
10 0.7546875 0.4 0.0515625 0.04375
10 0.75 0.48125 0.053125 0.05
10 0.7453125 0.71328125 0.05625 0.0390625
10 0.7375 0.79296875 0.0578125 0.0421875
10 0.7359375 0.87421875 0.0578125 0.0390625
10 0.35 0.065625 0.05625 0.04375
10 0.340625 0.14296875 0.0515625 0.0515625
10 0.21953125 0.0890625 0.028125 0.0703125
10 0.34140625 0.21875 0.053125 0.040625
10 0.29765625 0.3671875 0.03125 0.0828125
10 0.3625 0.42734375 0.0390625 0.075
10 0.33125 0.56796875 0.0578125 0.0484375
10 0.33203125 0.6484375 0.0546875 0.034375
10 0.325 0.734375 0.0515625 0.0515625
10 0.18671875 0.415625 0.046875 0.0421875
10 0.1859375 0.48671875 0.0546875 0.046875
5 0.7515625 0.32890625 0.0546875 0.0515625
5 0.7484375 0.55859375 0.0484375 0.0421875
5 0.74609375 0.6453125 0.071875 0.0484375
5 0.20078125 0.56875 0.0921875 0.059375
5 0.19453125 0.6859375 0.0953125 0.0640625
5 0.203125 0.2171875 0.090625 0.0640625
5 0.20234375 0.3296875 0.0890625 0.059375
10 0.171875 0.83671875 0.03125 0.071875
5 0.3609375 0.840625 0.0453125 0.0953125
5 0.53984375 0.06875 0.0640625 0.053125