0 0.51953125 0.059375 0.109375 0.059375
0 0.50390625 0.23046875 0.225 0.2109375
6 0.65625 0.621875 0.153125 0.059375
3 0.36328125 0.62734375 0.259375 0.246875
6 0.49609375 0.440625 0.215625 0.0671875
7 0.846875 0.421875 0.1171875 0.065625
1 0.86328125 0.071875 0.13125 0.0484375
1 0.57578125 0.915625 0.1140625 0.0546875
5 0.84453125 0.146875 0.0984375 0.040625
5 0.8375 0.22734375 0.11875 0.040625
5 0.475 0.79375 0.0796875 0.04375
5 0.43828125 0.91875 0.075 0.034375
5 0.171875 0.20546875 0.115625 0.040625
5 0.175 0.27265625 0.109375 0.0390625
5 0.17890625 0.34453125 0.09375 0.05
10 0.178125 0.06328125 0.090625 0.046875
10 0.16640625 0.13515625 0.08125 0.05625
10 0.84140625 0.31171875 0.1 0.05