9 0.51875 0.40546875 0.2734375 0.35625
1 0.2 0.60703125 0.1265625 0.103125
1 0.21328125 0.51484375 0.1359375 0.1
1 0.22890625 0.396875 0.11875 0.109375
1 0.234375 0.30390625 0.121875 0.08125
1 0.840625 0.33359375 0.125 0.090625
1 0.83359375 0.41796875 0.128125 0.0796875
1 0.82734375 0.53828125 0.1171875 0.1015625
1 0.82265625 0.63515625 0.1234375 0.090625
10 0.73125 0.59296875 0.028125 0.0421875
10 0.29375 0.57578125 0.03125 0.06875
10 0.31953125 0.36484375 0.034375 0.046875
10 0.75078125 0.37734375 0.0390625 0.0359375
6 0.68359375 0.46953125 0.08125 0.1046875
5 0.69765625 0.53671875 0.0515625 0.034375