14 0.49921875 0.50234375 0.25625 0.2234375
11 0.265625 0.315625 0.1 0.0703125
11 0.265625 0.4375 0.103125 0.075
10 0.278125 0.66640625 0.1234375 0.0984375
10 0.27734375 0.77578125 0.1171875 0.103125
10 0.17109375 0.68515625 0.0453125 0.0546875
10 0.29609375 0.55546875 0.03125 0.0390625
10 0.71796875 0.64921875 0.05625 0.2546875
10 0.71875 0.44765625 0.040625 0.0546875
10 0.68125 0.321875 0.0234375 0.090625
12 0.13515625 0.384375 0.0984375 0.178125
12 0.8875 0.52890625 0.09375 0.3046875
12 0.63125 0.159375 0.0796875 0.19375
12 0.78828125 0.46328125 0.0390625 0.1296875
5 0.725 0.25625 0.06875 0.075
5 0.79140625 0.31484375 0.0671875 0.05
5 0.19296875 0.54765625 0.103125 0.0859375