3 0.67109375 0.50625 0.225 0.21875
0 0.46640625 0.534375 0.30625 0.2765625
12 0.09765625 0.69765625 0.1953125 0.2453125
7 0.24375 0.66328125 0.071875 0.075
12 0.871875 0.3921875 0.25625 0.265625
5 0.34921875 0.62734375 0.0609375 0.04375
10 0.3078125 0.63984375 0.053125 0.0484375
5 0.28828125 0.53359375 0.05625 0.05625
5 0.2453125 0.54375 0.046875 0.040625
5 0.1578125 0.58359375 0.0578125 0.059375
5 0.478125 0.39140625 0.078125 0.06875
5 0.38515625 0.421875 0.0671875 0.053125
5 0.309375 0.45234375 0.0546875 0.0484375
1 0.20078125 0.56015625 0.053125 0.05