1 0.8265625 0.61328125 0.14375 0.078125
1 0.31015625 0.728125 0.115625 0.078125
0 0.51484375 0.434375 0.2703125 0.253125
5 0.79453125 0.51953125 0.1078125 0.078125
5 0.28046875 0.634375 0.109375 0.0703125
5 0.775 0.44453125 0.115625 0.078125
5 0.2765625 0.5578125 0.1046875 0.0765625
5 0.75234375 0.36953125 0.1296875 0.0734375
5 0.24453125 0.48515625 0.0921875 0.0640625
5 0.5078125 0.171875 0.1234375 0.0625
10 0.7359375 0.290625 0.10625 0.075
10 0.23671875 0.409375 0.115625 0.0890625
10 0.22578125 0.33046875 0.115625 0.08125
10 0.7078125 0.21953125 0.0953125 0.059375