12 0.80390625 0.096875 0.3921875 0.1625
12 0.43828125 0.040625 0.3828125 0.08125
7 0.7109375 0.24140625 0.14375 0.1171875
7 0.45390625 0.17734375 0.15625 0.115625
7 0.625 0.9609375 0.134375 0.078125
0 0.4078125 0.9171875 0.178125 0.125
0 0.525 0.459375 0.1890625 0.1359375
1 0.19609375 0.83359375 0.121875 0.0703125
5 0.18515625 0.87890625 0.121875 0.0671875
5 0.4921875 0.76875 0.1265625 0.071875
5 0.52578125 0.628125 0.1296875 0.0734375
5 0.6609375 0.921875 0.071875 0.0375
5 0.52265625 0.8875 0.0640625 0.0390625
5 0.21953125 0.57890625 0.0515625 0.0453125
5 0.66953125 0.37734375 0.065625 0.075
5 0.6 0.359375 0.071875 0.075
5 0.50859375 0.33671875 0.059375 0.0671875
5 0.4390625 0.31640625 0.0515625 0.065625
10 0.68125 0.46484375 0.05 0.0328125
10 0.675 0.4921875 0.0484375 0.03125
10 0.3828125 0.8515625 0.053125 0.0265625