5 0.75390625 0.93125 0.1203125 0.05625
5 0.77578125 0.871875 0.109375 0.0578125
5 0.159375 0.828125 0.1015625 0.0671875
5 0.17265625 0.765625 0.0921875 0.0640625
5 0.22890625 0.47890625 0.0796875 0.096875
5 0.8453125 0.1796875 0.0671875 0.078125
5 0.57265625 0.20625 0.084375 0.1046875
5 0.49609375 0.1953125 0.0703125 0.0859375
5 0.41953125 0.184375 0.071875 0.0875
5 0.3328125 0.16640625 0.0828125 0.096875
10 0.4875 0.73671875 0.084375 0.10625
10 0.82890625 0.56796875 0.19375 0.2046875
0 0.5203125 0.51640625 0.2515625 0.234375