12 0.503125 0.19453125 0.709375 0.3890625
11 0.209375 0.57421875 0.096875 0.0609375
0 0.51171875 0.64765625 0.36875 0.16875
1 0.79140625 0.93203125 0.1125 0.0234375
5 0.24296875 0.77734375 0.06875 0.01875
5 0.24375 0.665625 0.04375 0.015625
5 0.24296875 0.803125 0.065625 0.01875
5 0.23828125 0.92890625 0.096875 0.028125
5 0.790625 0.778125 0.065625 0.015625
5 0.8 0.80390625 0.075 0.01875
5 0.796875 0.609375 0.0421875 0.0125
5 0.74375 0.55234375 0.065625 0.0125
5 0.346875 0.50078125 0.0359375 0.0359375
5 0.47734375 0.496875 0.03125 0.034375
5 0.53515625 0.49921875 0.034375 0.0296875
5 0.59609375 0.49921875 0.040625 0.034375
5 0.65859375 0.49765625 0.03125 0.025
10 0.19140625 0.53046875 0.0484375 0.015625
10 0.22421875 0.61796875 0.05 0.0125
10 0.796875 0.590625 0.053125 0.015625
10 0.79609375 0.678125 0.05 0.01875
10 0.8 0.71015625 0.05 0.0125
10 0.24453125 0.70859375 0.053125 0.0171875
10 0.24609375 0.71015625 0.0671875 0.0125
10 0.43828125 0.75234375 0.0609375 0.0125