4 0.278125 0.24375 0.240625 0.2046875
4 0.27578125 0.60546875 0.2375 0.196875
4 0.56328125 0.60625 0.23125 0.203125
4 0.55703125 0.2375 0.23125 0.20625
12 0.06875 0.27734375 0.1234375 0.2984375
12 0.06796875 0.57109375 0.121875 0.2890625
12 0.11484375 0.92421875 0.2296875 0.1484375
12 0.34375 0.92421875 0.240625 0.15
13 0.81484375 0.17734375 0.0296875 0.06875
13 0.81953125 0.35546875 0.025 0.071875
13 0.81640625 0.56171875 0.028125 0.0671875
13 0.82109375 0.75859375 0.025 0.075
7 0.86796875 0.771875 0.046875 0.059375
7 0.86015625 0.57890625 0.05 0.0515625
7 0.86171875 0.37578125 0.040625 0.0609375
7 0.86484375 0.19296875 0.05625 0.0546875
12 0.58359375 0.96875 0.246875 0.0625
12 0.84453125 0.96875 0.240625 0.059375
12 0.47578125 0.05546875 0.3109375 0.0609375
12 0.80703125 0.05 0.3171875 0.075
5 0.8625 0.140625 0.04375 0.025
5 0.81328125 0.26484375 0.01875 0.0609375
5 0.8375 0.26484375 0.025 0.05625
5 0.871875 0.24765625 0.04375 0.025
5 0.859375 0.31953125 0.04375 0.034375
5 0.81640625 0.44921875 0.021875 0.053125
5 0.8375 0.44453125 0.01875 0.05625
5 0.87265625 0.43671875 0.0359375 0.025
5 0.8625 0.528125 0.0359375 0.03125
5 0.81171875 0.653125 0.0234375 0.0515625
5 0.83828125 0.65234375 0.0234375 0.05625
5 0.87421875 0.6375 0.040625 0.0234375
5 0.86796875 0.71875 0.040625 0.0296875
5 0.88125 0.81796875 0.040625 0.021875
5 0.81796875 0.8375 0.0234375 0.0546875
5 0.840625 0.834375 0.01875 0.053125
1 0.875 0.85 0.04375 0.0234375
1 0.87421875 0.67265625 0.0484375 0.028125
1 0.87265625 0.46953125 0.05 0.028125
1 0.87265625 0.275 0.046875 0.01875