14 0.48671875 0.14140625 0.4859375 0.2625
4 0.253125 0.79296875 0.25625 0.38125
12 0.50546875 0.8953125 0.2203125 0.209375
12 0.92734375 0.27890625 0.128125 0.1890625
12 0.728125 0.88671875 0.21875 0.2046875
13 0.50390625 0.634375 0.134375 0.065625
13 0.68125 0.634375 0.128125 0.071875
1 0.78359375 0.13203125 0.0375 0.103125
6 0.28828125 0.45703125 0.165625 0.1609375
6 0.509375 0.45703125 0.1609375 0.146875
6 0.72890625 0.45625 0.159375 0.1546875
10 0.91328125 0.44453125 0.0796875 0.05625
0 0.92109375 0.57890625 0.1171875 0.178125
0 0.10234375 0.353125 0.1234375 0.184375
10 0.91171875 0.72890625 0.08125 0.059375
10 0.83125 0.29140625 0.03125 0.071875
10 0.06953125 0.490625 0.0609375 0.0421875
10 0.07421875 0.54453125 0.05625 0.04375
7 0.07578125 0.73984375 0.0625 0.071875
5 0.07578125 0.65703125 0.046875 0.04375
5 0.07578125 0.59765625 0.0484375 0.0296875
5 0.78515625 0.28125 0.025 0.0671875
5 0.80546875 0.61328125 0.040625 0.0796875