6 0.77734375 0.403125 0.190625 0.053125
12 0.496875 0.15625 0.99375 0.3125
13 0.21328125 0.39921875 0.0875 0.090625
10 0.33828125 0.40859375 0.0546875 0.0609375
10 0.50546875 0.3625 0.0859375 0.021875
10 0.75 0.49921875 0.0859375 0.01875
10 0.56484375 0.47109375 0.06875 0.015625
10 0.43984375 0.62890625 0.0609375 0.0125
10 0.540625 0.63203125 0.034375 0.03125
10 0.37421875 0.70859375 0.065625 0.0171875
10 0.628125 0.709375 0.0625 0.01875
10 0.371875 0.81328125 0.06875 0.01875
10 0.628125 0.81328125 0.0671875 0.028125
5 0.46953125 0.40625 0.04375 0.0359375
5 0.53203125 0.40625 0.03125 0.0421875
5 0.75078125 0.53359375 0.078125 0.0234375
5 0.753125 0.46328125 0.0671875 0.021875
5 0.47265625 0.91875 0.078125 0.0234375
5 0.70234375 0.94765625 0.0703125 0.021875
1 0.303125 0.946875 0.078125 0.025
0 0.50078125 0.546875 0.278125 0.090625
0 0.375 0.759375 0.0875 0.05
0 0.63125 0.759375 0.0875 0.0484375