8 0.69765625 0.290625 0.6046875 0.56875
10 0.43046875 0.65859375 0.10625 0.078125
10 0.56953125 0.653125 0.10625 0.0625
0 0.5125 0.8375 0.215625 0.2359375
11 0.32109375 0.79765625 0.0859375 0.25
5 0.21796875 0.8 0.084375 0.2125
5 0.790625 0.73203125 0.2125 0.075
5 0.78984375 0.80078125 0.203125 0.0546875
5 0.79140625 0.86953125 0.2 0.0609375
5 0.790625 0.934375 0.190625 0.0671875
10 0.11171875 0.89921875 0.06875 0.109375
1 0.11328125 0.75703125 0.084375 0.10625
13 0.80234375 0.62421875 0.1609375 0.0390625
13 0.81953125 0.67265625 0.16875 0.0515625