2 0.675 0.38515625 0.403125 0.59375
13 0.59375 0.828125 0.2375 0.15625
0 0.26171875 0.45078125 0.19375 0.2546875
5 0.2375 0.07890625 0.1375 0.096875
5 0.23046875 0.21796875 0.1296875 0.090625
5 0.39375 0.74140625 0.05 0.1359375
12 0.80703125 0.89296875 0.0984375 0.11875
5 0.95546875 0.309375 0.05 0.171875
10 0.40234375 0.15546875 0.084375 0.2046875
10 0.05546875 0.43671875 0.109375 0.246875
10 0.259375 0.73046875 0.1484375 0.1046875
10 0.07734375 0.65859375 0.125 0.0828125
10 0.353125 0.9375 0.103125 0.0796875