12 0.52421875 0.0734375 0.2765625 0.146875
12 0.76875 0.12109375 0.2625 0.1859375
5 0.43203125 0.2078125 0.08125 0.053125
5 0.58984375 0.25 0.1015625 0.053125
5 0.75390625 0.2984375 0.1109375 0.0640625
5 0.39453125 0.83359375 0.09375 0.0609375
5 0.21953125 0.91484375 0.1109375 0.065625
0 0.5328125 0.5015625 0.4828125 0.3578125
10 0.4203125 0.2890625 0.103125 0.05
10 0.575 0.33359375 0.0953125 0.0515625
10 0.31640625 0.66953125 0.0796875 0.046875
10 0.30546875 0.71640625 0.0875 0.0484375
10 0.59375 0.7921875 0.0859375 0.0390625
1 0.6015625 0.9890625 0.134375 0.021875