0 0.49921875 0.175 0.915625 0.190625
10 0.53046875 0.8625 0.1375 0.121875
10 0.28046875 0.50625 0.109375 0.0359375
10 0.546875 0.5125 0.1109375 0.0390625
10 0.74140625 0.509375 0.1171875 0.046875
10 0.7375 0.57265625 0.090625 0.0359375
10 0.54609375 0.57578125 0.096875 0.040625
10 0.7375 0.69453125 0.109375 0.0390625
10 0.73515625 0.753125 0.109375 0.0390625
5 0.73046875 0.81953125 0.1109375 0.0234375
5 0.21875 0.81796875 0.134375 0.0296875
5 0.23828125 0.87578125 0.09375 0.028125
1 0.73046875 0.903125 0.1109375 0.034375
5 0.27421875 0.56640625 0.1359375 0.034375
5 0.53046875 0.634375 0.109375 0.034375
5 0.72421875 0.62734375 0.0984375 0.028125
5 0.521875 0.69453125 0.128125 0.0515625