12 0.5125 0.45234375 0.059375 0.796875
12 0.83984375 0.45 0.059375 0.7984375
12 0.07109375 0.290625 0.1359375 0.1296875
12 0.06484375 0.63828125 0.1296875 0.425
12 0.93984375 0.496875 0.10625 0.771875
6 0.2875 0.91171875 0.15625 0.053125
2 0.34296875 0.16015625 0.134375 0.1109375
13 0.446875 0.15546875 0.0421875 0.0765625
7 0.21484375 0.078125 0.05 0.0546875
10 0.321875 0.07578125 0.078125 0.0359375
10 0.42890625 0.071875 0.071875 0.025
10 0.215625 0.12265625 0.040625 0.028125
10 0.21171875 0.21875 0.040625 0.0234375
10 0.409375 0.36875 0.075 0.0390625
10 0.453125 0.478125 0.0421875 0.075
10 0.29453125 0.23515625 0.040625 0.025
10 0.15703125 0.20390625 0.021875 0.0453125
10 0.45234375 0.56875 0.053125 0.0234375
10 0.44921875 0.596875 0.0359375 0.0203125
10 0.45078125 0.625 0.040625 0.0125
10 0.45234375 0.65390625 0.0421875 0.025
10 0.44765625 0.68046875 0.0375 0.01875
10 0.45390625 0.77265625 0.0359375 0.0671875
6 0.67890625 0.934375 0.1015625 0.071875
10 0.46171875 0.28046875 0.025 0.0359375
0 0.38984375 0.28359375 0.0984375 0.0875
0 0.328125 0.46953125 0.1484375 0.121875
0 0.32578125 0.62109375 0.1015625 0.15
0 0.32578125 0.76875 0.13125 0.10625
5 0.65625 0.19375 0.0375 0.01875
5 0.15703125 0.07734375 0.01875 0.040625
5 0.16015625 0.14375 0.0234375 0.040625
5 0.29140625 0.25625 0.0359375 0.021875
5 0.290625 0.278125 0.040625 0.0125
5 0.28984375 0.30625 0.0390625 0.01875
5 0.29296875 0.32578125 0.04375 0.021875
5 0.28046875 0.365625 0.01875 0.0296875
5 0.30546875 0.36796875 0.025 0.034375
5 0.33515625 0.36484375 0.0234375 0.0328125
5 0.66171875 0.22109375 0.0421875 0.0171875
5 0.66015625 0.25078125 0.0296875 0.01875
5 0.65859375 0.27578125 0.028125 0.01875
5 0.66171875 0.30390625 0.034375 0.021875
5 0.65390625 0.459375 0.025 0.0421875
5 0.69609375 0.45703125 0.0234375 0.0296875
5 0.63359375 0.59765625 0.03125 0.0421875
1 0.06796875 0.15625 0.0546875 0.0359375
0 0.21015625 0.16640625 0.053125 0.04375