15 0.55078125 0.14453125 0.159375 0.16875
15 0.534375 0.37734375 0.125 0.18125
15 0.53671875 0.62421875 0.1375 0.1671875
15 0.54453125 0.87109375 0.146875 0.1609375
6 0.240625 0.86796875 0.1125 0.10625
5 0.33203125 0.15078125 0.0546875 0.06875
12 0.77109375 0.08046875 0.1875 0.0828125
12 0.78515625 0.20703125 0.209375 0.0984375
12 0.77734375 0.32265625 0.184375 0.0859375
12 0.78984375 0.45234375 0.21875 0.0875
12 0.78984375 0.575 0.203125 0.09375
12 0.78125 0.69609375 0.21875 0.090625
12 0.78359375 0.81640625 0.1875 0.090625
12 0.78515625 0.94140625 0.21875 0.103125
12 0.21328125 0.51015625 0.425 0.4109375
1 0.21796875 0.15703125 0.1 0.0375