6 0.7359375 0.51328125 0.1640625 0.171875
6 0.528125 0.50546875 0.1796875 0.15625
6 0.3140625 0.48671875 0.165625 0.1453125
14 0.49140625 0.78515625 0.484375 0.26875
1 0.7703125 0.7984375 0.04375 0.0859375
7 0.12578125 0.23359375 0.0640625 0.08125
13 0.6953125 0.35 0.115625 0.0734375
13 0.53046875 0.33984375 0.146875 0.0796875
4 0.31171875 0.1859375 0.2734375 0.371875
12 0.65546875 0.128125 0.425 0.225
0 0.903125 0.40390625 0.13125 0.153125
10 0.88203125 0.53828125 0.046875 0.03125
10 0.9203125 0.28359375 0.046875 0.0359375
10 0.11953125 0.4046875 0.046875 0.0296875
10 0.11640625 0.45234375 0.0390625 0.034375
5 0.18515625 0.8109375 0.028125 0.0609375
5 0.1265625 0.296875 0.046875 0.03125
5 0.11796875 0.35234375 0.0453125 0.0265625
5 0.78046875 0.66328125 0.0328125 0.0765625
5 0.8078125 0.375 0.0359375 0.0796875
0 0.12890625 0.58203125 0.140625 0.171875