1 0.1744752546875 0.8763062156249999 0.0664252171875 0.9204604578125 0.0675962328125 0.9271016218750001 0.13123122812500002 0.9665054953125001 0.131686815625 0.9664251625 0.25662585937500004 0.919372434375 0.2565065625 0.9186958734375 0.1821871296875 0.8749464046875 0.1744752546875 0.8763062156249999
1 0.476040875 1 0.5116581328125 0.9536301984375 0.3751886265625 0.9488041109375001 0.3735802734375 0.9490877062499999 0.3429185859375 1 0.476040875 1
1 0.7517045437500001 0.963331003125 0.8629844828125 0.9209369421875 0.8623584140625 0.917386328125 0.801758925 0.8735882578125 0.796727259375 0.8744754765625 0.684899453125 0.9293836093750001 0.745082390625 0.9644986687499999 0.7517045437500001 0.963331003125
1 1 0.738480265625 0.9471047765625 0.7368975765625 0.9406447390625001 0.73803665625 0.8936984046875001 0.8038282593750001 1 0.8025762750000001 1 0.738480265625
0 0.48984375 0.19296875 0.2984375 0.178125
13 0.7421875 0.23828125 0.146875 0.121875
5 0.4578125 0.37734375 0.153125 0.053125
5 0.44453125 0.0703125 0.11875 0.0484375
5 0.15078125 0.121875 0.11875 0.0484375
5 0.80234375 0.10625 0.0890625 0.0546875
1 0.67265625 0.02578125 0.1265625 0.04375
0 0.37578125 0.334375 0.1203125 0.075
10 0.14609375 0.3578125 0.0625 0.05625
10 0.23046875 0.3453125 0.0796875 0.0578125
10 0.58359375 0.28984375 0.1640625 0.0796875