3 0.67734375 0.48515625 0.2140625 0.209375
0 0.47890625 0.515625 0.2921875 0.265625
12 0.10859375 0.6796875 0.2171875 0.234375
7 0.26640625 0.64375 0.06875 0.0734375
12 0.87421875 0.37109375 0.2515625 0.2546875
5 0.36796875 0.60703125 0.0578125 0.0421875
10 0.32734375 0.6203125 0.05 0.0484375
5 0.30703125 0.51796875 0.0546875 0.0546875
5 0.26640625 0.52890625 0.046875 0.040625
5 0.18203125 0.56796875 0.0546875 0.05625
5 0.4890625 0.3765625 0.075 0.065625
5 0.39921875 0.40859375 0.0640625 0.0484375
5 0.3265625 0.4390625 0.053125 0.046875
1 0.2234375 0.5453125 0.0515625 0.0484375