14 0.51953125 0.48671875 0.3234375 0.2921875
11 0.228125 0.65234375 0.1234375 0.096875
11 0.25 0.5171875 0.1265625 0.1015625
10 0.30390625 0.265625 0.153125 0.13125
10 0.321875 0.14453125 0.146875 0.134375
10 0.18828125 0.22578125 0.0609375 0.06875
10 0.30390625 0.3921875 0.0421875 0.05
10 0.7875 0.36171875 0.10625 0.290625
10 0.75390625 0.58515625 0.053125 0.0671875
10 0.68984375 0.71796875 0.040625 0.103125
12 0.096875 0.553125 0.140625 0.2140625
12 0.93671875 0.525 0.1265625 0.353125
12 0.60546875 0.8875 0.1203125 0.225
12 0.83359375 0.5796875 0.065625 0.1484375
5 0.72734375 0.7984375 0.0890625 0.0953125
5 0.81171875 0.7453125 0.0828125 0.0671875
5 0.1890625 0.38203125 0.128125 0.1125