15 0.9484375 0.621875 0.0484375 0.1234375
15 0.878125 0.61875 0.0578125 0.1265625
15 0.81328125 0.61953125 0.059375 0.13125
15 0.74140625 0.615625 0.0703125 0.140625
15 0.6734375 0.61015625 0.0578125 0.128125
15 0.60390625 0.61171875 0.05625 0.115625
15 0.53984375 0.60390625 0.053125 0.11875
15 0.4734375 0.6015625 0.0578125 0.125
15 0.40859375 0.5984375 0.0578125 0.140625
6 0.28515625 0.63984375 0.1484375 0.10625
12 0.946875 0.7796875 0.06875 0.06875
12 0.8828125 0.78046875 0.0859375 0.0796875
12 0.81171875 0.76875 0.0609375 0.078125
12 0.74140625 0.77109375 0.075 0.0875
12 0.67734375 0.765625 0.065625 0.09375
12 0.609375 0.7609375 0.08125 0.0890625
12 0.54296875 0.7515625 0.0609375 0.0921875
12 0.47421875 0.759375 0.0640625 0.0875
12 0.409375 0.7515625 0.075 0.096875
6 0.3078125 0.26328125 0.1265625 0.096875
12 0.9578125 0.409375 0.0625 0.0640625
12 0.89140625 0.40390625 0.065625 0.0703125
12 0.83046875 0.3953125 0.0671875 0.075
12 0.7578125 0.3984375 0.065625 0.0828125
12 0.69375 0.39921875 0.0703125 0.078125
12 0.621875 0.4 0.0765625 0.075
12 0.55859375 0.39921875 0.0765625 0.0890625
12 0.4921875 0.38671875 0.0734375 0.08125
12 0.4203125 0.38359375 0.06875 0.0828125