7 0.39375 0.23046875 0.059375 0.0796875
7 0.39609375 0.321875 0.059375 0.084375
7 0.478125 0.221875 0.05 0.084375
7 0.559375 0.22734375 0.059375 0.084375
7 0.38984375 0.540625 0.059375 0.075
7 0.475 0.553125 0.0546875 0.0859375
7 0.56875 0.55078125 0.05625 0.0875
7 0.64296875 0.55 0.0421875 0.09375
7 0.7375 0.54375 0.0546875 0.090625
7 0.39375 0.75703125 0.046875 0.096875
7 0.48046875 0.7625 0.0546875 0.1
7 0.565625 0.76015625 0.05 0.0921875
7 0.64921875 0.75546875 0.0546875 0.0984375
7 0.734375 0.74765625 0.05625 0.1046875
6 0.19453125 0.64921875 0.15 0.1125
3 0.17421875 0.23046875 0.2234375 0.159375
3 0.17109375 0.4 0.2296875 0.1578125
10 0.171875 0.13984375 0.065625 0.0359375
10 0.56640625 0.33203125 0.040625 0.0921875
5 0.26796875 0.13359375 0.0546875 0.053125
5 0.415625 0.13046875 0.0328125 0.075
5 0.58046875 0.13671875 0.034375 0.0859375
5 0.42109375 0.44765625 0.046875 0.0734375
5 0.746875 0.44296875 0.03125 0.084375
5 0.41484375 0.65859375 0.03125 0.08125
5 0.75390625 0.65 0.025 0.0546875
10 0.13046875 0.53203125 0.059375 0.04375
12 0.84921875 0.521875 0.0984375 0.54375