12 0.531035446875 0.9964872343750001 0.617008596875 0.9363739953125 0.6169601359375 0.9335976578125 0.5149004500000001 0.6982076390625 0.509496146875 0.698301971875 0.366472934375 0.8115055437500001 0.46379823125 0.998835209375 0.531035446875 0.9964872343750001
10 0.5395618484375 0.438737578125 0.5111363609375 0.3747865734375 0.506849621875 0.3748613984375 0.4876017359375 0.4006367609375 0.5143639531249999 0.4582057953125 0.5396296421875 0.44262147812499997 0.5395618484375 0.438737578125
10 0.5920086828125 0.399421828125 0.561842759375 0.330144825 0.5607943625 0.330163125 0.5371438078125 0.3471235171875 0.56703414375 0.41989602656249997 0.5920379734375001 0.40109991406249995 0.5920086828125 0.399421828125
12 0.798700571875 0.7810545671875 0.6985153578125 0.5746718015625001 0.6968106203125 0.5747015578125 0.5363078859375 0.7015676156249999 0.63815259375 0.9096083921875 0.7988542703125 0.7898599328125 0.798700571875 0.7810545671875
10 0.32263336875 0.63453060625 0.2981742421875 0.57697156875 0.293472296875 0.577053640625 0.271233109375 0.595444909375 0.30026388437499996 0.6562226156250001 0.322751978125 0.64132570625 0.32263336875 0.63453060625
5 0.5525852312499999 0.20963165625000002 0.562032275 0.204071009375 0.561854275 0.1938733921875 0.5515901578125 0.16779903125 0.5501948203125 0.1678233875 0.5408806640625 0.175948159375 0.5420531953125 0.1890929390625 0.5525852312499999 0.20963165625000002
9 0.4328125 0.2203125 0.1671875 0.290625
12 0.38828125 0.5796875 0.0859375 0.1203125
12 0.215625 0.221875 0.2046875 0.26875
0 0.42109375 0.38984375 0.0953125 0.1125
5 0.35234375 0.73046875 0.0515625 0.0703125