4 0.5703125 0.7734375 0.490625 0.453125
4 0.63671875 0.30625 0.50625 0.55
12 0.87578125 0.565625 0.2484375 0.86875
0 0.21328125 0.58984375 0.1984375 0.196875
0 0.23125 0.41796875 0.2140625 0.1703125
12 0.07734375 0.26015625 0.1296875 0.2578125
12 0.04609375 0.690625 0.0921875 0.315625
13 0.36953125 0.24609375 0.0609375 0.159375
13 0.3 0.77578125 0.0609375 0.15625
7 0.2703125 0.9515625 0.075 0.0515625
1 0.13046875 0.93046875 0.04375 0.0484375
1 0.246875 0.04296875 0.059375 0.0859375
7 0.3875 0.0578125 0.084375 0.115625
5 0.2921875 0.1859375 0.0578125 0.11875
5 0.22890625 0.1796875 0.05625 0.1046875
5 0.21171875 0.825 0.0484375 0.103125
5 0.140625 0.79765625 0.0671875 0.1234375