8 0.23671875 0.48125 0.4109375 0.30625
11 0.66953125 0.56953125 0.2234375 0.065625
0 0.85546875 0.41484375 0.08125 0.096875
0 0.85703125 0.57578125 0.071875 0.08125
13 0.64296875 0.41875 0.028125 0.0671875
10 0.85078125 0.48515625 0.046875 0.028125
10 0.85234375 0.51953125 0.0671875 0.0296875
5 0.684375 0.415625 0.0203125 0.0625
5 0.721875 0.41640625 0.0203125 0.059375
5 0.75859375 0.41640625 0.028125 0.0609375
5 0.653125 0.49375 0.046875 0.03125
5 0.74375 0.4875 0.059375 0.0296875
5 0.940625 0.41484375 0.0296875 0.08125
5 0.94453125 0.58359375 0.04375 0.078125