12 0.859375 0.640625 0.115625 0.234375
12 0.83125 0.8921875 0.11875 0.215625
12 0.05625 0.73515625 0.00625 0.003125
12 0.12421875 0.85546875 0.1125 0.2359375
12 0.1296875 0.596875 0.13125 0.228125
0 0.49765625 0.403125 0.2828125 0.1328125
0 0.5203125 0.121875 0.128125 0.059375
5 0.60859375 0.05859375 0.08125 0.0328125
1 0.45078125 0.0453125 0.1 0.0375
5 0.3578125 0.09296875 0.065625 0.0171875
5 0.7234375 0.24921875 0.10625 0.0375
5 0.30625 0.246875 0.0921875 0.03125
5 0.30546875 0.1984375 0.090625 0.0375
5 0.33515625 0.11640625 0.028125 0.028125
5 0.5515625 0.30703125 0.05625 0.015625
5 0.62421875 0.31171875 0.05 0.015625
5 0.29609375 0.37578125 0.046875 0.015625
5 0.2953125 0.39765625 0.05 0.015625
5 0.29296875 0.4203125 0.0515625 0.0171875
5 0.2875 0.4703125 0.053125 0.0140625
5 0.45078125 0.49921875 0.0484375 0.0171875
5 0.53203125 0.50546875 0.05625 0.015625
10 0.375 0.12109375 0.0359375 0.0234375
10 0.41484375 0.12578125 0.0265625 0.0265625
10 0.6328125 0.14140625 0.0234375 0.0234375
10 0.67265625 0.14375 0.0359375 0.028125
10 0.3 0.33515625 0.046875 0.015625