6 0.49765625 0.81015625 0.1296875 0.146875
6 0.3828125 0.7265625 0.1234375 0.15
6 0.26953125 0.65234375 0.1265625 0.15625
6 0.15390625 0.5625 0.13125 0.159375
6 0.58984375 0.71484375 0.1296875 0.14375
6 0.4671875 0.61328125 0.1390625 0.1421875
6 0.35546875 0.54140625 0.1234375 0.153125
6 0.23828125 0.44921875 0.140625 0.1578125
6 0.67734375 0.5921875 0.1296875 0.1453125
6 0.56640625 0.509375 0.121875 0.1265625
6 0.4421875 0.41796875 0.1328125 0.1328125
6 0.32578125 0.33203125 0.134375 0.14375
6 0.7703125 0.475 0.121875 0.13125
6 0.65703125 0.3984375 0.128125 0.15
6 0.5421875 0.3015625 0.1375 0.15
6 0.41953125 0.215625 0.1453125 0.190625
12 0.77734375 0.7046875 0.240625 0.3109375