12 0.29296875 0.67109375 0.428125 0.425
4 0.576204425 0.7211863546874999 0.8126786062500001 0.4544678765625 0.5698561062499999 0.2861812015625 0.3349689609375 0.5370235765625 0.576204425 0.7211863546874999
4 0.34766560156250004 0.5243226609375 0.5809655359375 0.28459358749999997 0.3524267109375 0.14170870468750002 0.11989083281249999 0.37419146406250003 0.34766560156250004 0.5243226609375
12 0.82578125 0.26328125 0.1296875 0.1265625
12 0.63671875 0.14765625 0.1546875 0.125
1 0.46875 0.17890625 0.05625 0.0484375
5 0.52578125 0.215625 0.0515625 0.0453125
7 0.82421875 0.503125 0.0625 0.0625
1 0.884375 0.428125 0.05 0.046875
5 0.81953125 0.38984375 0.046875 0.0421875
5 0.7875 0.425 0.053125 0.0375
0 0.69453125 0.31875 0.1171875 0.109375
0 0.61640625 0.26484375 0.090625 0.08125