9 0.32890625 0.33828125 0.1984375 0.225
6 0.3328125 0.69296875 0.1140625 0.1109375
5 0.33515625 0.55078125 0.053125 0.125
5 0.48046875 0.75 0.1265625 0.053125
5 0.5140625 0.29453125 0.109375 0.059375
5 0.528125 0.37734375 0.10625 0.0640625
5 0.528125 0.46171875 0.1046875 0.0515625
5 0.5359375 0.540625 0.1 0.0578125
5 0.5453125 0.62578125 0.125 0.0703125
5 0.54375 0.68828125 0.1109375 0.0515625
1 0.696875 0.7 0.1140625 0.0796875
1 0.7 0.61796875 0.0984375 0.0890625
1 0.6984375 0.53203125 0.1 0.1015625
1 0.6921875 0.4375 0.0984375 0.0890625
1 0.67734375 0.25390625 0.1109375 0.0875
1 0.68203125 0.334375 0.0953125 0.09375