12 0.19140625 0.921875 0.2859375 0.15625
12 0.04609375 0.30703125 0.0921875 0.0515625
12 0.04375 0.253125 0.0875 0.04375
12 0.0453125 0.2046875 0.090625 0.059375
12 0.47734375 0.92265625 0.2734375 0.1546875
12 0.76640625 0.91328125 0.271875 0.16875
4 0.18671875 0.63984375 0.2734375 0.4109375
4 0.48359375 0.6375 0.28125 0.3984375
4 0.771875 0.6296875 0.28125 0.4109375
13 0.1796875 0.30546875 0.0484375 0.1125
13 0.3984375 0.3046875 0.0359375 0.103125
13 0.62421875 0.29375 0.0390625 0.1
13 0.88125 0.259375 0.084375 0.040625
13 0.9515625 0.21015625 0.040625 0.125
7 0.334375 0.28359375 0.053125 0.084375
7 0.55859375 0.28046875 0.0515625 0.0796875
7 0.778125 0.28125 0.0453125 0.0796875
5 0.33671875 0.35234375 0.046875 0.0421875
5 0.1796875 0.21484375 0.046875 0.03125
5 0.17890625 0.178125 0.0375 0.03125
5 0.40078125 0.2109375 0.0421875 0.028125
5 0.40078125 0.171875 0.040625 0.03125
5 0.55546875 0.34765625 0.04375 0.0328125
5 0.7765625 0.34453125 0.04375 0.0328125
5 0.90078125 0.32734375 0.0265625 0.05
5 0.61875 0.20625 0.0390625 0.021875
5 0.61875 0.16796875 0.0390625 0.028125
1 0.33359375 0.21015625 0.053125 0.03125
1 0.55234375 0.2078125 0.0484375 0.03125
1 0.7734375 0.20234375 0.0484375 0.0296875
2 0.871875 0.18125 0.0734375 0.0703125
0 0.26015625 0.26640625 0.08125 0.1640625
0 0.48125 0.2625 0.084375 0.1703125
0 0.69765625 0.25234375 0.0796875 0.18125
1 0.95390625 0.30703125 0.05625 0.0359375
10 0.84296875 0.33046875 0.0296875 0.053125
10 0.87265625 0.3234375 0.021875 0.053125