7 0.14921875 0.34765625 0.159375 0.1734375
5 0.32890625 0.32890625 0.0921875 0.1859375
0 0.48671875 0.35078125 0.1171875 0.1609375
5 0.65546875 0.21328125 0.0875 0.05
5 0.65703125 0.30390625 0.090625 0.059375
5 0.52578125 0.58984375 0.090625 0.053125
10 0.16953125 0.196875 0.0921875 0.0546875
10 0.15546875 0.50234375 0.0984375 0.06875
10 0.15546875 0.59609375 0.084375 0.05625
10 0.15703125 0.67890625 0.084375 0.0625
10 0.52421875 0.50703125 0.10625 0.0625
10 0.52578125 0.67890625 0.1046875 0.059375