0 0.49296875 0.60625 0.4125 0.1875
10 0.25234375 0.36953125 0.109375 0.0359375
2 0.36875 0.39140625 0.053125 0.0625
10 0.728125 0.4125 0.090625 0.0296875
13 0.72578125 0.81484375 0.140625 0.04375
0 0.20859375 0.79453125 0.134375 0.096875
13 0.33671875 0.78828125 0.0703125 0.0859375
1 0.50390625 0.88203125 0.1109375 0.04375
1 0.20859375 0.59296875 0.078125 0.0703125
1 0.78359375 0.590625 0.0671875 0.06875
5 0.24921875 0.41640625 0.0859375 0.0234375
5 0.25390625 0.46328125 0.10625 0.0375
5 0.465625 0.41015625 0.075 0.021875
5 0.59375 0.4125 0.08125 0.0234375
5 0.47734375 0.359375 0.0484375 0.040625
5 0.55078125 0.35625 0.0375 0.0421875
5 0.20625 0.65546875 0.078125 0.028125
5 0.66640625 0.875 0.090625 0.040625
5 0.78359375 0.65703125 0.0671875 0.028125
10 0.20078125 0.71875 0.078125 0.0234375
10 0.71640625 0.76328125 0.1046875 0.040625
10 0.44140625 0.76015625 0.0859375 0.0234375
5 0.31171875 0.884375 0.0671875 0.025