1 0.103125 0.05625 0.203125 0.1
1 0.26923076875 0.00958188125 0.26232741718749997 0.0126306625 0.2642998015625 0.09799651718749999 0.46055226875 0.0993031359375 0.46153846249999997 0.0108885015625 0.26923076875 0.00958188125
1 0.7268244578124999 0.0993031359375 0.731755425 0.0126306625 0.7110453640625 0.0069686421875000005 0.5729783046875 0.0069686421875000005 0.5345167640625 0.0108885015625 0.5345167640625 0.0971254359375 0.5512820515625 0.10104529531249999 0.7268244578124999 0.0993031359375
1 0.8984375 0.05859375 0.203125 0.1015625
1 0.09921875 0.17578125 0.1921875 0.0921875
1 0.36328125 0.18125 0.203125 0.096875
1 0.10234375 0.3 0.196875 0.096875
1 0.09921875 0.41640625 0.184375 0.0875
1 0.36640625 0.41328125 0.203125 0.0921875
1 0.36484375 0.29609375 0.203125 0.090625
1 0.63203125 0.29375 0.19375 0.090625
1 0.8953125 0.296875 0.209375 0.090625
1 0.90078125 0.18046875 0.1984375 0.090625
1 0.63984375 0.17890625 0.215625 0.0921875
1 0.63671875 0.41171875 0.1875 0.0859375
1 0.9015625 0.4125 0.196875 0.096875
6 0.325 0.63671875 0.2625 0.06875
10 0.696875 0.690625 0.165625 0.0625
10 0.29609375 0.89765625 0.1703125 0.0609375
10 0.68828125 0.80078125 0.1609375 0.053125
5 0.69140625 0.61484375 0.096875 0.0234375
5 0.64921875 0.88046875 0.1015625 0.0296875
0 0.315625 0.76953125 0.24375 0.1296875
5 0.23046875 0.01875 0.03125 0.0234375
5 0.23203125 0.059375 0.0234375 0.021875
5 0.76953125 0.02578125 0.0359375 0.01875
5 0.22734375 0.13359375 0.0234375 0.025
5 0.22890625 0.17421875 0.0296875 0.0234375
5 0.50078125 0.159375 0.034375 0.021875
5 0.50625 0.04296875 0.0484375 0.0234375
5 0.76640625 0.13984375 0.028125 0.021875
5 0.76328125 0.25390625 0.034375 0.03125
5 0.49921875 0.27578125 0.0375 0.0234375
5 0.23046875 0.25625 0.04375 0.0296875
5 0.22890625 0.29765625 0.034375 0.025
5 0.23125 0.36953125 0.025 0.015625
5 0.22734375 0.415625 0.0296875 0.028125
5 0.5 0.39765625 0.03125 0.03125
5 0.76484375 0.38125 0.028125 0.0296875
5 0.484375 0.75234375 0.03125 0.01875
5 0.48671875 0.79140625 0.03125 0.021875
10 0.228125 0.10078125 0.01875 0.021875
10 0.49765625 0.075 0.0234375 0.0171875
10 0.76484375 0.059375 0.028125 0.01875
10 0.76640625 0.09609375 0.03125 0.01875
10 0.49765625 0.19296875 0.028125 0.01875
10 0.76484375 0.17734375 0.028125 0.01875
10 0.7625 0.21015625 0.028125 0.021875
10 0.23046875 0.21484375 0.021875 0.0171875
10 0.49453125 0.309375 0.025 0.025
10 0.76328125 0.296875 0.028125 0.0234375
10 0.76015625 0.32890625 0.0359375 0.01875
10 0.22578125 0.33671875 0.03125 0.0234375
10 0.5 0.43046875 0.028125 0.01875
10 0.76484375 0.415625 0.0234375 0.021875
10 0.76171875 0.44921875 0.0296875 0.0234375
10 0.23359375 0.45234375 0.025 0.021875