4 0.56875 0.53671875 0.4609375 0.3578125
12 0.16328125 0.5609375 0.209375 0.6234375
12 0.86171875 0.30390625 0.1953125 0.375
12 0.89921875 0.72109375 0.184375 0.378125
7 0.4359375 0.7640625 0.0578125 0.0765625
7 0.3859375 0.775 0.05625 0.0875
7 0.34609375 0.34140625 0.05625 0.0625
7 0.396875 0.3359375 0.05 0.0703125
5 0.25234375 0.3484375 0.0328125 0.075
5 0.26015625 0.45625 0.0328125 0.078125
5 0.27734375 0.66015625 0.0296875 0.084375
5 0.28671875 0.75703125 0.0296875 0.0765625
13 0.33515625 0.63203125 0.0390625 0.1078125
13 0.32421875 0.47734375 0.0515625 0.1328125