8 0.828125 0.46640625 0.321875 0.903125
6 0.29921875 0.43203125 0.1484375 0.8296875
11 0.59765625 0.09609375 0.146875 0.165625
1 0.41640625 0.896875 0.05 0.1375
5 0.42890625 0.22109375 0.0375 0.3359375
5 0.46484375 0.21015625 0.034375 0.3125
5 0.49921875 0.221875 0.0296875 0.334375
10 0.46953125 0.5125 0.05 0.0984375
10 0.58671875 0.625 0.065625 0.0796875
13 0.578125 0.72890625 0.0921875 0.04375
13 0.578125 0.83046875 0.0859375 0.065625
5 0.60546875 0.928125 0.1125 0.103125
5 0.46328125 0.7375 0.03125 0.26875