15 0.5109375 0.01328125 0.4625 0.0265625
15 0.50234375 0.04296875 0.415625 0.0359375
15 0.49296875 0.0875 0.44375 0.03125
15 0.4875 0.11953125 0.44375 0.0296875
15 0.50078125 0.16015625 0.4609375 0.034375
15 0.45078125 0.20234375 0.484375 0.03125
15 0.4625 0.24609375 0.5046875 0.034375
15 0.446875 0.290625 0.515625 0.040625
15 0.44296875 0.334375 0.546875 0.0296875
15 0.44140625 0.38125 0.525 0.0359375
15 0.41953125 0.43515625 0.5796875 0.05625
15 0.40546875 0.48984375 0.5421875 0.05625
15 0.40625 0.54609375 0.553125 0.0359375
15 0.39765625 0.60625 0.5671875 0.046875
15 0.340625 0.6625 0.58125 0.04375
15 0.41640625 0.73359375 0.6546875 0.0546875
15 0.334375 0.8 0.5609375 0.046875
15 0.33046875 0.88515625 0.603125 0.0609375
1 0.80234375 0.8875 0.1609375 0.0375
1 0.80703125 0.815625 0.15 0.046875
1 0.8 0.73828125 0.1640625 0.0421875
1 0.809375 0.67578125 0.125 0.0375
1 0.815625 0.615625 0.15625 0.034375
1 0.809375 0.56015625 0.115625 0.04375
1 0.80078125 0.49921875 0.11875 0.0375
1 0.81953125 0.45234375 0.125 0.0359375
1 0.81171875 0.40234375 0.11875 0.040625
1 0.83125 0.36015625 0.1484375 0.0375
1 0.82890625 0.31484375 0.09375 0.040625
1 0.80625 0.26796875 0.11875 0.03125
1 0.81328125 0.22265625 0.103125 0.03125
1 0.81171875 0.184375 0.109375 0.0328125
1 0.82890625 0.034375 0.09375 0.034375
1 0.83203125 0.07109375 0.1125 0.0296875
1 0.809375 0.10625 0.115625 0.03125
1 0.80625 0.13828125 0.11875 0.03125