12 0.109375 0.43359375 0.21875 0.1609375
12 0.10703125 0.68984375 0.115625 0.140625
10 0.27890625 0.3921875 0.1296875 0.134375
10 0.39375 0.36640625 0.14375 0.1515625
11 0.46328125 0.56015625 0.0828125 0.1171875
0 0.33203125 0.53359375 0.1578125 0.1359375
1 0.45625 0.446875 0.0328125 0.0546875
10 0.21015625 0.49609375 0.04375 0.0296875
10 0.21328125 0.51953125 0.0375 0.0265625
10 0.2203125 0.54296875 0.034375 0.0265625
10 0.20234375 0.621875 0.0203125 0.0328125
10 0.25 0.61015625 0.0203125 0.0296875
10 0.346875 0.63203125 0.025 0.0359375
10 0.3890625 0.63671875 0.034375 0.025
5 0.409375 0.44453125 0.034375 0.0265625
5 0.228125 0.6140625 0.01875 0.028125
5 0.3203125 0.63828125 0.021875 0.03125
5 0.3875 0.609375 0.03125 0.0265625