5 0.21953125 0.140625 0.10625 0.034375
5 0.21015625 0.196875 0.096875 0.0375
5 0.77109375 0.13828125 0.0859375 0.0484375
5 0.76875 0.196875 0.078125 0.046875
5 0.76328125 0.46328125 0.059375 0.0796875
5 0.25703125 0.83046875 0.05 0.0625
5 0.49765625 0.7625 0.0625 0.0859375
5 0.56875 0.76015625 0.0515625 0.071875
5 0.63984375 0.75859375 0.0546875 0.0703125
5 0.71953125 0.76015625 0.0625 0.0796875
10 0.490625 0.27265625 0.0625 0.0875
10 0.21015625 0.478125 0.15 0.1625
0 0.49609375 0.47578125 0.203125 0.18125