0 0.50390625 0.63046875 0.4 0.484375
0 0.55859375 0.3515625 0.1296875 0.1203125
0 0.5828125 0.22890625 0.0984375 0.109375
6 0.74375 0.109375 0.065625 0.1046875
6 0.47109375 0.0609375 0.065625 0.096875
7 0.4234375 0.325 0.0515625 0.046875
7 0.45 0.19375 0.0609375 0.053125
13 0.61953125 0.16328125 0.01875 0.021875
13 0.59609375 0.15859375 0.0171875 0.021875
13 0.57265625 0.15234375 0.0203125 0.0234375
13 0.6703125 0.178125 0.0453125 0.0296875
1 0.7078125 0.2734375 0.028125 0.0375
10 0.6828125 0.40234375 0.028125 0.0421875
10 0.64765625 0.3984375 0.0296875 0.0421875
10 0.68828125 0.36171875 0.021875 0.0171875
10 0.65703125 0.3359375 0.0234375 0.034375
10 0.6953125 0.32890625 0.0203125 0.0125
10 0.653125 0.2921875 0.0203125 0.0140625
10 0.6546875 0.271875 0.021875 0.0171875
10 0.68828125 0.146875 0.015625 0.0234375
5 0.7171875 0.22734375 0.0171875 0.0296875
5 0.69140625 0.346875 0.0265625 0.015625
5 0.65703125 0.2578125 0.0234375 0.0140625
5 0.65625 0.2125 0.01875 0.025
5 0.675 0.21640625 0.021875 0.028125
5 0.50078125 0.25546875 0.01875 0.025
5 0.4859375 0.25 0.0171875 0.021875
5 0.515625 0.17890625 0.015625 0.0265625
5 0.5 0.175 0.015625 0.0234375
12 0.61015625 0.07421875 0.1609375 0.146875