0 0.559375 0.5125 0.365625 0.3125
11 0.12890625 0.51640625 0.175 0.1828125
10 0.84921875 0.07890625 0.225 0.115625
10 0.60859375 0.0640625 0.1015625 0.121875
5 0.85546875 0.59296875 0.14375 0.0625
10 0.834375 0.659375 0.1015625 0.0421875
10 0.26640625 0.36328125 0.0515625 0.06875
10 0.31171875 0.36328125 0.05625 0.065625
10 0.75390625 0.16171875 0.1 0.04375
5 0.7875 0.28828125 0.0828125 0.04375
5 0.5703125 0.2828125 0.0578125 0.0625
5 0.4546875 0.0546875 0.125 0.059375
1 0.21640625 0.04375 0.2015625 0.0875