10 0.225 0.13359375 0.06875 0.121875
10 0.353125 0.13359375 0.0609375 0.121875
10 0.53984375 0.08125 0.128125 0.140625
10 0.68359375 0.209375 0.13125 0.125
3 0.76875 0.07421875 0.159375 0.1484375
0 0.71796875 0.84921875 0.1796875 0.1921875
12 0.03671875 0.64296875 0.0625 0.20625
1 0.909375 0.23984375 0.090625 0.0875
0 0.39609375 0.33984375 0.4125 0.196875
5 0.16171875 0.33359375 0.05 0.178125
5 0.24375 0.64375 0.053125 0.1765625
5 0.63984375 0.43359375 0.05 0.153125
5 0.71953125 0.43046875 0.0515625 0.14375
5 0.796875 0.43203125 0.0484375 0.15
5 0.87890625 0.440625 0.0546875 0.1359375
5 0.953125 0.44453125 0.05625 0.1234375
5 0.33203125 0.63671875 0.0609375 0.15
5 0.409375 0.63515625 0.0546875 0.140625
5 0.49140625 0.634375 0.05625 0.128125