11 0.27578125 0.31875 0.5140625 0.1890625
0 0.68125 0.69375 0.240625 0.253125
0 0.73984375 0.30625 0.221875 0.21875
13 0.18984375 0.64609375 0.1 0.20625
5 0.89375 0.728125 0.08125 0.18125
5 0.93203125 0.32578125 0.0734375 0.1546875
5 0.46171875 0.67578125 0.090625 0.15
5 0.36484375 0.67734375 0.090625 0.1390625
5 0.278125 0.66171875 0.0703125 0.1546875
5 0.4296875 0.48984375 0.1578125 0.1046875
5 0.2453125 0.48125 0.1203125 0.0828125
10 0.6828125 0.4421875 0.1171875 0.0921875
10 0.67421875 0.53671875 0.1109375 0.0921875