12 0.2234375 0.078125 0.290625 0.15625
2 0.17890625 0.578125 0.0953125 0.1515625
1 0.17265625 0.7375 0.1890625 0.140625
0 0.809375 0.28671875 0.2484375 0.2484375
0 0.5515625 0.04609375 0.11875 0.0921875
0 0.34453125 0.42578125 0.1140625 0.1015625
13 0.51171875 0.4640625 0.146875 0.0890625
10 0.484375 0.58046875 0.1859375 0.128125
10 0.759375 0.50859375 0.0640625 0.090625
10 0.66875 0.49765625 0.0703125 0.06875
10 0.98359375 0.22890625 0.0328125 0.0703125
10 0.98046875 0.29765625 0.0390625 0.0609375
10 0.81015625 0.09453125 0.09375 0.06875
10 0.67578125 0.06328125 0.0765625 0.0828125
10 0.20703125 0.39921875 0.0609375 0.078125
10 0.65390625 0.61484375 0.06875 0.078125
5 0.425 0.0265625 0.06875 0.053125
5 0.840625 0.51796875 0.05625 0.0796875
5 0.80703125 0.65625 0.08125 0.1015625
5 0.72890625 0.63515625 0.090625 0.10625
5 0.28203125 0.64140625 0.0734375 0.0953125
5 0.7 0.73515625 0.096875 0.065625
5 0.703125 0.86015625 0.09375 0.0609375
5 0.415625 0.79453125 0.1 0.0609375
2 0.48125 0.27421875 0.3390625 0.2796875