0 0.4984375 0.6015625 0.471875 0.2921875
10 0.30546875 0.29921875 0.1203125 0.0625
2 0.42109375 0.35 0.06875 0.0765625
10 0.78828125 0.4578125 0.103125 0.053125
13 0.68984375 0.8734375 0.15625 0.078125
0 0.15859375 0.72890625 0.159375 0.1296875
13 0.29296875 0.753125 0.09375 0.1046875
1 0.44375 0.890625 0.1234375 0.0703125
1 0.20703125 0.51953125 0.096875 0.090625
1 0.80234375 0.6546875 0.0859375 0.0859375
5 0.29140625 0.34765625 0.09375 0.0453125
5 0.2859375 0.396875 0.11875 0.0640625
5 0.5171875 0.3921875 0.08125 0.0390625
5 0.6484375 0.425 0.090625 0.04375
5 0.54140625 0.34296875 0.059375 0.053125
5 0.61796875 0.35703125 0.05 0.0515625
5 0.190625 0.584375 0.0859375 0.0484375
5 0.61328125 0.921875 0.1046875 0.0625
5 0.78671875 0.72421875 0.0765625 0.0453125
10 0.16875 0.6484375 0.084375 0.0421875
10 0.6921875 0.81796875 0.1171875 0.065625
10 0.40859375 0.74921875 0.09375 0.04375
5 0.24453125 0.84609375 0.075 0.0421875