14 0.41875 0.86171875 0.54375 0.2765625
4 0.23984375 0.19296875 0.3171875 0.3859375
12 0.521875 0.1046875 0.25625 0.209375
12 0.903125 0.79375 0.1578125 0.2171875
12 0.759375 0.128125 0.2546875 0.2296875
13 0.49140625 0.36484375 0.15 0.084375
13 0.68125 0.384375 0.14375 0.090625
1 0.734375 0.93359375 0.0515625 0.1140625
6 0.240625 0.53046875 0.1953125 0.190625
6 0.4765625 0.5546875 0.1875 0.175
6 0.7125 0.58125 0.1859375 0.1828125
10 0.90859375 0.61328125 0.0921875 0.06875
0 0.92890625 0.4703125 0.1421875 0.203125
0 0.0515625 0.6234375 0.103125 0.209375
10 0.93828125 0.309375 0.09375 0.0734375
10 0.803125 0.76796875 0.0421875 0.08125
10 0.021875 0.47265625 0.04375 0.0484375
10 0.02890625 0.41328125 0.05 0.0515625
7 0.053125 0.2046875 0.0578125 0.0796875
5 0.0390625 0.29296875 0.0453125 0.0515625
5 0.03359375 0.35703125 0.0453125 0.0359375
5 0.753125 0.775 0.034375 0.075
5 0.81171875 0.42109375 0.0515625 0.0890625