4 0.37578125 0.50546875 0.446875 0.478125
4 0.51796875 0.2734375 0.434375 0.3703125
12 0.25625 0.3453125 0.4140625 0.3421875
13 0.56796875 0.6765625 0.0890625 0.0859375
13 0.7359375 0.471875 0.0625 0.0546875
7 0.51015625 0.76171875 0.06875 0.075
7 0.80546875 0.40234375 0.0625 0.0546875
5 0.80625 0.48125 0.0625 0.0578125
5 0.6109375 0.72109375 0.05625 0.0484375
5 0.65234375 0.7328125 0.05 0.05
12 0.89140625 0.503125 0.153125 0.1765625
12 0.75625 0.68359375 0.19375 0.2109375
1 0.60546875 0.78984375 0.0546875 0.0578125
0 0.6890625 0.60546875 0.146875 0.1328125
0 0.7453125 0.54609375 0.15 0.1328125