10 0.515625 0.55625 0.2484375 0.6734375
10 0.85859375 0.58203125 0.2625 0.6734375
0 0.69375 0.09765625 0.325 0.1953125
2 0.17265625 0.4015625 0.3453125 0.709375
10 0.33515625 0.86953125 0.046875 0.14375
10 0.16484375 0.86015625 0.040625 0.14375
10 0.12421875 0.86328125 0.0359375 0.134375
10 0.03125 0.871875 0.0296875 0.121875
10 0.459375 0.17578125 0.0671875 0.0734375
10 0.453125 0.06328125 0.0609375 0.078125
10 0.95390625 0.20546875 0.065625 0.0609375
5 0.95859375 0.12265625 0.0609375 0.0734375
5 0.96171875 0.03046875 0.059375 0.0609375
5 0.07734375 0.87109375 0.03125 0.11875