0 0.45390625 0.359375 0.16875 0.3625
13 0.453125 0.66953125 0.15625 0.0984375
1 0.68125 0.84296875 0.040625 0.09375
10 0.25078125 0.17109375 0.0546875 0.053125
10 0.25 0.24453125 0.0546875 0.04375
10 0.24375 0.39609375 0.0484375 0.0390625
10 0.24609375 0.47421875 0.05 0.046875
10 0.24296875 0.696875 0.053125 0.0359375
10 0.246875 0.77421875 0.0546875 0.0390625
10 0.24609375 0.85234375 0.0546875 0.0359375
10 0.64375 0.0875 0.0515625 0.040625
10 0.65078125 0.16171875 0.0484375 0.0484375
10 0.76875 0.11484375 0.025 0.0671875
10 0.646875 0.234375 0.05 0.0375
10 0.684375 0.37890625 0.028125 0.0796875
10 0.61953125 0.434375 0.0359375 0.0703125
10 0.64609375 0.57109375 0.0546875 0.04375
10 0.64140625 0.64765625 0.0515625 0.03125
10 0.64609375 0.73125 0.0484375 0.05
10 0.78984375 0.42890625 0.04375 0.0375
10 0.7875 0.49765625 0.05 0.04375
5 0.24921875 0.32734375 0.053125 0.046875
5 0.24453125 0.54765625 0.046875 0.0390625
5 0.24375 0.63125 0.06875 0.04375
5 0.77109375 0.57578125 0.0875 0.0546875
5 0.77265625 0.68828125 0.090625 0.059375
5 0.78046875 0.2375 0.0859375 0.059375
5 0.77734375 0.34609375 0.0859375 0.0546875
10 0.78984375 0.834375 0.028125 0.06875
5 0.60859375 0.83203125 0.0390625 0.090625
5 0.46171875 0.084375 0.059375 0.05