15 0.43125 0.55625 0.25625 0.4640625
15 0.8921875 0.49140625 0.215625 0.4359375
13 0.4296875 0.30078125 0.165625 0.0796875
13 0.29609375 0.26953125 0.23125 0.0875
13 0.69765625 0.21171875 0.184375 0.0984375
13 0.85 0.23671875 0.1828125 0.0796875
1 0.26640625 0.94375 0.1828125 0.06875
1 0.75546875 0.87265625 0.1640625 0.06875
13 0.26328125 0.9015625 0.134375 0.071875
13 0.75859375 0.81796875 0.1453125 0.05625
7 0.403125 0.821875 0.084375 0.0859375
7 0.87890625 0.74375 0.09375 0.08125
5 0.11875 0.9515625 0.0796875 0.08125
5 0.6140625 0.8734375 0.0453125 0.065625
5 0.89609375 0.79453125 0.075 0.0390625
5 0.41015625 0.8734375 0.0828125 0.04375
5 0.48125 0.81953125 0.0484375 0.0734375
5 0.97421875 0.74921875 0.0515625 0.0703125
12 0.1796875 0.5171875 0.10625 0.14375
12 0.6515625 0.43203125 0.1 0.1484375
12 0.52265625 0.12578125 0.8453125 0.2515625
12 0.08671875 0.72734375 0.084375 0.153125