11 0.67421875 0.24921875 0.634375 0.3125
5 0.55859375 0.43828125 0.10625 0.0671875
5 0.34453125 0.74765625 0.075 0.075
10 0.328125 0.2375 0.109375 0.0734375
10 0.25078125 0.33984375 0.1109375 0.08125
10 0.2 0.40703125 0.1265625 0.0546875
10 0.16875 0.47578125 0.10625 0.075
10 0.09921875 0.60546875 0.0984375 0.075
10 0.2375 0.5875 0.08125 0.08125
10 0.303125 0.45859375 0.084375 0.084375
10 0.35 0.54140625 0.0875 0.075
0 0.52109375 0.58828125 0.3171875 0.25
10 0.465625 0.7625 0.103125 0.090625
10 0.66015625 0.80703125 0.0796875 0.08125
10 0.57421875 0.78828125 0.078125 0.0859375