8 0.63125 0.66953125 0.1515625 0.20625
3 0.959375 0.596875 0.078125 0.1234375
12 0.01796875 0.48359375 0.0359375 0.6078125
7 0.003125 0.9234375 0.00625 0.0375
7 0.00234375 0.8859375 0.0046875 0.03125
7 0.01796875 0.92109375 0.0140625 0.034375
7 0.01796875 0.88671875 0.0109375 0.03125
7 0.021875 0.81640625 0.0140625 0.034375
7 0.0359375 0.928125 0.0125 0.0359375
7 0.05546875 0.9265625 0.0171875 0.03125
7 0.0375 0.890625 0.0125 0.028125
7 0.0390625 0.8546875 0.0125 0.0265625
7 0.03984375 0.81875 0.0125 0.028125
7 0.04140625 0.7828125 0.009375 0.028125
7 0.0453125 0.74765625 0.0125 0.0265625
7 0.06328125 0.75078125 0.0125 0.034375
13 0.0390625 0.6609375 0.0203125 0.0234375
13 0.065625 0.65078125 0.021875 0.028125
13 0.04140625 0.63828125 0.01875 0.021875
13 0.03984375 0.61484375 0.0234375 0.028125
13 0.06640625 0.6015625 0.021875 0.0265625
13 0.04296875 0.565625 0.0203125 0.021875
13 0.06875 0.5546875 0.0203125 0.028125
13 0.04609375 0.49453125 0.021875 0.01875
13 0.07109375 0.50625 0.0234375 0.021875
13 0.046875 0.471875 0.021875 0.021875
13 0.07578125 0.459375 0.0234375 0.0203125
13 0.07265625 0.4828125 0.025 0.021875
13 0.0484375 0.44765625 0.021875 0.021875
13 0.04609375 0.53828125 0.0234375 0.028125
1 0.04375 0.13828125 0.01875 0.0296875
1 0.046875 0.10546875 0.0203125 0.0234375
1 0.06953125 0.1390625 0.0203125 0.0265625
1 0.09609375 0.1375 0.0171875 0.0203125
1 0.1203125 0.14375 0.0171875 0.021875
1 0.07109375 0.10703125 0.01875 0.0265625
1 0.09765625 0.1078125 0.0171875 0.0234375
1 0.12265625 0.10859375 0.0171875 0.021875
1 0.15703125 0.14296875 0.0234375 0.0265625
1 0.18203125 0.146875 0.0203125 0.0265625
1 0.20546875 0.1484375 0.0203125 0.0234375
1 0.23203125 0.14765625 0.0171875 0.0265625
1 0.265625 0.15234375 0.0171875 0.0234375
1 0.29140625 0.15 0.0171875 0.021875
1 0.31640625 0.15390625 0.0171875 0.0265625
1 0.340625 0.1515625 0.021875 0.0265625
1 0.1578125 0.11015625 0.01875 0.01875
1 0.18203125 0.1125 0.0140625 0.0234375
1 0.2078125 0.11796875 0.0171875 0.0234375
1 0.2328125 0.11484375 0.021875 0.0265625
1 0.26484375 0.11953125 0.0171875 0.0265625
1 0.29296875 0.1203125 0.0203125 0.028125
1 0.31640625 0.11875 0.0203125 0.0234375
1 0.34140625 0.125 0.0171875 0.0234375
1 0.51875 0.146875 0.0203125 0.0296875
6 0.04765625 0.03671875 0.0234375 0.0734375
6 0.07109375 0.0375 0.0203125 0.075
6 0.09765625 0.0390625 0.0265625 0.078125
6 0.121875 0.04140625 0.0234375 0.08125
6 0.15703125 0.040625 0.0234375 0.08125
6 0.1828125 0.0421875 0.025 0.084375
6 0.209375 0.0484375 0.025 0.078125
6 0.234375 0.0453125 0.028125 0.090625
6 0.2703125 0.046875 0.0234375 0.090625
6 0.29453125 0.0484375 0.028125 0.0875
6 0.31875 0.04765625 0.028125 0.0953125
6 0.3453125 0.05390625 0.0265625 0.0828125
6 0.4015625 0.12890625 0.04375 0.0765625
6 0.459375 0.12890625 0.0390625 0.0765625
6 0.4078125 0.0375 0.046875 0.075
6 0.46484375 0.04140625 0.046875 0.0734375
6 0.515625 0.046875 0.0453125 0.0796875
6 0.5765625 0.06796875 0.0296875 0.0890625
6 0.67265625 0.09453125 0.046875 0.06875
7 0.62890625 0.16171875 0.0140625 0.034375
7 0.64765625 0.1625 0.0109375 0.0296875
7 0.8015625 0.17109375 0.015625 0.0296875
7 0.81953125 0.171875 0.0109375 0.03125
7 0.8890625 0.18046875 0.0140625 0.0265625
6 0.7265625 0.13359375 0.046875 0.0796875
6 0.73046875 0.0609375 0.0453125 0.06875
6 0.7890625 0.09921875 0.053125 0.0921875
6 0.9109375 0.1140625 0.046875 0.0796875
14 0.7953125 0.33828125 0.3953125 0.278125
0 0.76484375 0.69921875 0.071875 0.19375
0 0.85390625 0.70390625 0.065625 0.1859375
13 0.91875 0.778125 0.0109375 0.0359375
13 0.93125 0.775 0.0109375 0.0359375
13 0.94296875 0.77578125 0.009375 0.0359375
5 0.91640625 0.5765625 0.0125 0.03125
5 0.803125 0.68125 0.009375 0.0140625
5 0.89765625 0.6890625 0.009375 0.015625
5 0.80625 0.66015625 0.0140625 0.01875
5 0.89921875 0.67265625 0.0140625 0.015625
10 0.77734375 0.80546875 0.0171875 0.01875
10 0.8703125 0.8109375 0.0140625 0.015625
10 0.92890625 0.82109375 0.0109375 0.03125
10 0.90625 0.78046875 0.0109375 0.0296875
7 0.6890625 0.9609375 0.015625 0.0265625
7 0.7078125 0.96015625 0.0140625 0.0296875
7 0.728125 0.96171875 0.0125 0.0296875
7 0.77421875 0.96328125 0.0140625 0.03125
7 0.79453125 0.96484375 0.0140625 0.028125
7 0.84140625 0.96796875 0.0140625 0.03125
7 0.86015625 0.9703125 0.0140625 0.0296875
7 0.73125 0.925 0.0109375 0.0265625
7 0.77734375 0.92890625 0.015625 0.028125
7 0.7953125 0.93125 0.0140625 0.0296875
7 0.84453125 0.93125 0.015625 0.0265625
7 0.8625 0.93125 0.0171875 0.028125
7 0.7140625 0.89296875 0.0140625 0.0265625
7 0.73203125 0.89375 0.0125 0.0265625
7 0.77890625 0.89609375 0.015625 0.03125
7 0.7984375 0.89609375 0.0140625 0.0296875
7 0.84765625 0.896875 0.015625 0.0265625
7 0.8640625 0.89765625 0.0140625 0.0265625
7 0.69765625 0.85546875 0.0140625 0.03125
7 0.71484375 0.85234375 0.0140625 0.0296875
7 0.734375 0.8578125 0.0140625 0.03125
7 0.78125 0.85703125 0.015625 0.028125
7 0.80078125 0.859375 0.0171875 0.0390625
7 0.84921875 0.86328125 0.01875 0.0296875
7 0.865625 0.86484375 0.0140625 0.03125
5 0.87734375 0.96875 0.0078125 0.01875
5 0.87890625 0.9359375 0.0078125 0.01875
5 0.88125 0.9015625 0.0078125 0.025
5 0.81328125 0.9296875 0.009375 0.021875
5 0.82265625 0.9296875 0.009375 0.0203125
1 0.81796875 0.8953125 0.0140625 0.01875
1 0.75078125 0.8921875 0.0140625 0.01875
5 0.6921875 0.9234375 0.0140625 0.0140625
5 0.74609375 0.92578125 0.009375 0.01875
5 0.75703125 0.928125 0.0078125 0.01875
5 0.76484375 0.928125 0.009375 0.01875
5 0.69375 0.8921875 0.0140625 0.0140625
7 0.04140625 0.20703125 0.0171875 0.0265625
7 0.06171875 0.20546875 0.0171875 0.0265625
7 0.07890625 0.20625 0.0171875 0.0265625
7 0.09765625 0.21015625 0.0171875 0.0265625
7 0.1171875 0.209375 0.021875 0.028125
7 0.1359375 0.2125 0.01875 0.0296875
7 0.153125 0.21328125 0.0171875 0.028125
7 0.171875 0.21171875 0.01875 0.028125
7 0.190625 0.21328125 0.021875 0.028125
7 0.2109375 0.215625 0.021875 0.0328125
13 0.5140625 0.22890625 0.0078125 0.040625
13 0.52890625 0.23046875 0.009375 0.0375
7 0.22890625 0.21640625 0.0171875 0.0265625
7 0.2484375 0.21953125 0.0203125 0.0296875
7 0.26640625 0.2203125 0.0171875 0.0296875
7 0.28671875 0.2203125 0.01875 0.0296875
7 0.3046875 0.221875 0.0203125 0.0296875
7 0.32265625 0.22265625 0.01875 0.0296875
7 0.33828125 0.22421875 0.01875 0.0328125
7 0.36015625 0.22734375 0.021875 0.0328125
7 0.38046875 0.228125 0.021875 0.0359375
7 0.39765625 0.22890625 0.0171875 0.0375
7 0.41640625 0.23046875 0.0171875 0.0296875
7 0.434375 0.22890625 0.0203125 0.0296875
7 0.45234375 0.23203125 0.021875 0.03125
7 0.47265625 0.23046875 0.021875 0.03125
10 0.49921875 0.23828125 0.015625 0.021875
10 0.49921875 0.21328125 0.0140625 0.021875
10 0.54375 0.24609375 0.0171875 0.021875
5 0.53984375 0.225 0.009375 0.021875
5 0.54921875 0.21953125 0.0109375 0.028125
5 0.559375 0.22421875 0.009375 0.028125
5 0.0421875 0.18125 0.015625 0.0203125
5 0.0609375 0.178125 0.015625 0.0109375
5 0.08046875 0.18046875 0.0140625 0.0140625
5 0.09921875 0.18203125 0.0140625 0.01875
5 0.11875 0.1828125 0.015625 0.0140625
5 0.1375 0.18125 0.0171875 0.01875
5 0.15625 0.184375 0.0140625 0.0140625
5 0.175 0.18671875 0.0125 0.0140625
5 0.19375 0.1875 0.0140625 0.015625
5 0.2125 0.18515625 0.0171875 0.01875
5 0.23125 0.190625 0.0140625 0.0203125
5 0.25 0.18984375 0.0171875 0.01875
5 0.26875 0.19296875 0.0140625 0.0140625
5 0.28671875 0.19140625 0.015625 0.0234375
5 0.30703125 0.1953125 0.0140625 0.0140625
5 0.325 0.19453125 0.0140625 0.0140625
5 0.34375 0.196875 0.0125 0.009375
5 0.3609375 0.1984375 0.0109375 0.0125
5 0.37890625 0.1984375 0.0109375 0.0140625
5 0.39921875 0.2 0.0171875 0.01875
5 0.41953125 0.19921875 0.0109375 0.0140625
5 0.43515625 0.19921875 0.015625 0.0140625
5 0.45703125 0.2015625 0.01875 0.0171875
5 0.475 0.20390625 0.0140625 0.01875
7 0.0578125 0.85625 0.015625 0.034375
7 0.06015625 0.81953125 0.0125 0.03125
7 0.1234375 0.8921875 0.0171875 0.034375
7 0.128125 0.7875 0.0140625 0.0296875
7 0.1296875 0.75390625 0.0140625 0.0296875
7 0.190625 0.93203125 0.015625 0.0265625
7 0.209375 0.93671875 0.0109375 0.028125
7 0.22890625 0.93515625 0.0125 0.03125
7 0.24765625 0.93671875 0.0125 0.0296875
7 0.2671875 0.9375 0.0140625 0.0296875
7 0.2859375 0.9375 0.0140625 0.028125
7 0.2109375 0.89765625 0.015625 0.034375
7 0.23125 0.9015625 0.0125 0.0296875
7 0.25 0.9 0.015625 0.0296875
7 0.2671875 0.903125 0.009375 0.025
7 0.28671875 0.9046875 0.015625 0.025
7 0.2328125 0.86484375 0.009375 0.025
7 0.2515625 0.8671875 0.0125 0.03125
7 0.26875 0.8671875 0.015625 0.0296875
7 0.2890625 0.86796875 0.0125 0.0265625
7 0.21328125 0.8296875 0.0140625 0.03125
7 0.2328125 0.8265625 0.0140625 0.0296875
7 0.253125 0.82734375 0.0109375 0.0359375
7 0.271875 0.828125 0.0109375 0.0265625
7 0.29140625 0.8328125 0.0140625 0.0296875
7 0.27265625 0.796875 0.009375 0.0296875
7 0.29140625 0.796875 0.0125 0.0296875
7 0.196875 0.7546875 0.0140625 0.0359375
7 0.215625 0.75546875 0.0109375 0.028125
7 0.23515625 0.75703125 0.015625 0.0296875
7 0.2546875 0.76015625 0.0140625 0.0296875
7 0.27421875 0.759375 0.0125 0.0296875
7 0.29453125 0.7625 0.015625 0.0265625
7 0.21953125 0.71875 0.0140625 0.028125
7 0.25703125 0.72265625 0.0140625 0.0296875
7 0.2953125 0.725 0.015625 0.03125
7 0.37109375 0.946875 0.015625 0.034375
7 0.390625 0.9484375 0.0109375 0.0359375
7 0.371875 0.90859375 0.0140625 0.0296875
7 0.39296875 0.9125 0.0125 0.028125
7 0.37421875 0.8734375 0.0140625 0.0296875
7 0.39453125 0.87421875 0.0109375 0.0296875
7 0.37578125 0.83984375 0.0140625 0.03125
7 0.396875 0.84140625 0.015625 0.0296875
7 0.37578125 0.80390625 0.0171875 0.0296875
7 0.39765625 0.8046875 0.0140625 0.0375
7 0.378125 0.76875 0.0140625 0.03125
7 0.4 0.7703125 0.0109375 0.034375
7 0.38125 0.72890625 0.0171875 0.0359375
7 0.4 0.7328125 0.0171875 0.0375
7 0.36171875 0.728125 0.015625 0.0296875
7 0.4921875 0.9515625 0.0140625 0.03125
7 0.5109375 0.95078125 0.0140625 0.034375
7 0.5125 0.91875 0.0140625 0.028125
7 0.5140625 0.88515625 0.0109375 0.0296875
7 0.55234375 0.91875 0.015625 0.0265625
7 0.56953125 0.95546875 0.0125 0.03125
7 0.5546875 0.88671875 0.0140625 0.0296875
7 0.57265625 0.921875 0.009375 0.034375
7 0.57421875 0.8859375 0.015625 0.03125
7 0.5765625 0.8546875 0.0109375 0.028125
7 0.57890625 0.81640625 0.0140625 0.0359375
7 0.60234375 0.91640625 0.0171875 0.0453125
10 0.52109375 0.834375 0.015625 0.03125
10 0.45234375 0.93125 0.0171875 0.0171875
10 0.54140625 0.8328125 0.009375 0.0390625
3 0.475 0.85 0.0625 0.1109375
5 0.52578125 0.953125 0.009375 0.025
5 0.52734375 0.9203125 0.009375 0.0203125
5 0.52890625 0.884375 0.009375 0.0171875
5 0.61640625 0.925 0.009375 0.0203125
5 0.40390625 0.946875 0.009375 0.025
5 0.40625 0.9109375 0.0109375 0.021875
5 0.40859375 0.87578125 0.0078125 0.021875
5 0.41015625 0.840625 0.0109375 0.0203125
5 0.41328125 0.80625 0.0109375 0.0234375
5 0.4140625 0.77265625 0.0078125 0.01875
5 0.4171875 0.73828125 0.0109375 0.025
10 0.36328125 0.7 0.0171875 0.0171875
5 0.3828125 0.703125 0.0140625 0.0140625
5 0.071875 0.92578125 0.009375 0.0328125
5 0.0734375 0.8921875 0.0125 0.025
5 0.07578125 0.85234375 0.0125 0.0296875
5 0.075 0.8234375 0.0078125 0.01875
5 0.0765625 0.78671875 0.0109375 0.0203125
5 0.07890625 0.7515625 0.009375 0.021875
5 0.13828125 0.89375 0.0140625 0.0265625
5 0.1421875 0.7921875 0.0078125 0.0234375
5 0.14375 0.75546875 0.0109375 0.028125
5 0.30078125 0.94375 0.0125 0.0234375
5 0.30390625 0.90546875 0.0109375 0.0203125
5 0.30234375 0.86640625 0.0109375 0.021875
5 0.3046875 0.8359375 0.0125 0.021875
5 0.30859375 0.79921875 0.0125 0.0234375
5 0.31015625 0.76640625 0.009375 0.0203125
5 0.309375 0.728125 0.0125 0.0234375
5 0.2328125 0.71796875 0.009375 0.0203125
5 0.27421875 0.7203125 0.0109375 0.025
5 0.58515625 0.95390625 0.009375 0.0296875
5 0.58671875 0.9203125 0.009375 0.0265625
5 0.58828125 0.89140625 0.009375 0.025
5 0.58984375 0.85390625 0.009375 0.028125