4 0.0515625 0.6328125 0.103125 0.240625
4 0.13125 0.153125 0.140625 0.234375
4 0.234375 0.17578125 0.140625 0.228125
4 0.33046875 0.1875 0.1421875 0.25
4 0.43125 0.20859375 0.140625 0.2375
4 0.5265625 0.22890625 0.140625 0.2546875
4 0.128125 0.65390625 0.1390625 0.2390625
4 0.2265625 0.6765625 0.1359375 0.2328125
4 0.32734375 0.69453125 0.134375 0.2234375
4 0.425 0.70859375 0.140625 0.2390625
4 0.51875 0.7296875 0.1359375 0.234375
4 0.61875 0.75078125 0.140625 0.2484375
4 0.71171875 0.7734375 0.1375 0.2515625
4 0.62109375 0.2515625 0.1375 0.234375
4 0.71796875 0.27265625 0.1375 0.234375
4 0.8125 0.28984375 0.1359375 0.225
12 0.0296875 0.7921875 0.059375 0.096875
12 0.1015625 0.815625 0.1109375 0.109375
12 0.19609375 0.8375 0.1203125 0.115625
12 0.28984375 0.853125 0.109375 0.1078125
12 0.38828125 0.86875 0.1125 0.1078125
12 0.4828125 0.89140625 0.1109375 0.1046875
12 0.57890625 0.9171875 0.1125 0.1015625
12 0.675 0.93515625 0.1109375 0.103125
12 0.17109375 0.01796875 0.1140625 0.0359375
12 0.27265625 0.03203125 0.1171875 0.0640625
12 0.365625 0.04140625 0.109375 0.0828125
12 0.46171875 0.0515625 0.1171875 0.103125
12 0.5625 0.06171875 0.1203125 0.1125
12 0.65703125 0.08515625 0.1109375 0.1125
12 0.7546875 0.11171875 0.115625 0.0921875
12 0.84765625 0.12265625 0.1 0.1015625
0 0.8921875 0.3546875 0.1140625 0.271875
0 0.7875 0.9375 0.109375 0.125
0 0.825 0.66953125 0.0984375 0.26875
0 0.87109375 0.73125 0.0515625 0.0671875
0 0.934375 0.74609375 0.05625 0.06875
0 0.88515625 0.66328125 0.053125 0.0546875
0 0.9 0.61015625 0.0515625 0.0671875
0 0.91328125 0.5375 0.053125 0.0671875
0 0.9765625 0.55703125 0.046875 0.0640625
0 0.965625 0.61484375 0.0515625 0.0640625
0 0.95078125 0.6765625 0.0578125 0.06875
0 0.9453125 0.3796875 0.0515625 0.06875
0 0.95703125 0.32578125 0.0515625 0.0625
0 0.971875 0.26171875 0.0546875 0.0703125
0 0.9796875 0.1984375 0.040625 0.05625
0 0.98984375 0.39453125 0.0203125 0.0609375
5 0.92734375 0.48671875 0.0359375 0.034375
5 0.98359375 0.503125 0.0328125 0.04375
5 0.925 0.190625 0.025 0.05
5 0.9375 0.13203125 0.0296875 0.0546875
5 0.98828125 0.14921875 0.0234375 0.0296875
5 0.7984375 0.834375 0.0234375 0.046875
5 0.853125 0.8 0.03125 0.05625
13 0.84765625 0.965625 0.0328125 0.06875
10 0.88671875 0.9546875 0.0703125 0.090625
10 0.9203125 0.8609375 0.046875 0.096875
10 0.875 0.86015625 0.0703125 0.1078125
5 0.79375 0.465625 0.028125 0.025
5 0.72734375 0.59453125 0.0328125 0.0328125
5 0.63515625 0.57734375 0.0296875 0.0296875
5 0.6984375 0.4484375 0.028125 0.028125
5 0.60546875 0.4265625 0.028125 0.0234375
5 0.53984375 0.5546875 0.03125 0.028125
5 0.06171875 0.45546875 0.025 0.0265625
5 0.128125 0.32890625 0.03125 0.0296875
5 0.15859375 0.478125 0.03125 0.028125
5 0.22578125 0.3484375 0.0265625 0.025
5 0.32421875 0.365625 0.03125 0.0203125
5 0.25625 0.49453125 0.0375 0.03125
5 0.34765625 0.5125 0.0265625 0.0234375
5 0.41484375 0.3875 0.025 0.028125
5 0.509375 0.41015625 0.028125 0.01875
5 0.446875 0.53359375 0.0296875 0.0296875
1 0.10390625 0.4609375 0.0296875 0.0265625
1 0.090625 0.32109375 0.0296875 0.028125
1 0.196875 0.484375 0.0265625 0.0296875
1 0.184375 0.34140625 0.028125 0.021875
1 0.27890625 0.35859375 0.0296875 0.0296875
1 0.3890625 0.52265625 0.0296875 0.0265625
1 0.3734375 0.38125 0.0328125 0.028125
1 0.29453125 0.50390625 0.0296875 0.0265625
1 0.48125 0.540625 0.028125 0.0234375
1 0.47265625 0.4 0.0296875 0.0328125
1 0.56796875 0.4203125 0.0296875 0.0265625
1 0.6703125 0.5828125 0.0296875 0.0265625
1 0.76640625 0.603125 0.03125 0.0328125
1 0.66015625 0.43984375 0.03125 0.028125
1 0.75625 0.45859375 0.03125 0.0234375