12 0.14296875 0.34609375 0.209375 0.1109375
12 0.08515625 0.58984375 0.0875 0.121875
10 0.31953125 0.34765625 0.1046875 0.1109375
10 0.434375 0.35 0.115625 0.125
11 0.45546875 0.55 0.059375 0.1046875
0 0.33671875 0.49453125 0.134375 0.1046875
1 0.475 0.440625 0.021875 0.05
10 0.22890625 0.42890625 0.040625 0.01875
10 0.22734375 0.453125 0.0359375 0.0171875
10 0.228125 0.47734375 0.0296875 0.01875
10 0.19296875 0.546875 0.015625 0.0296875
10 0.240625 0.546875 0.015625 0.028125
10 0.32734375 0.59140625 0.015625 0.03125
10 0.36640625 0.60546875 0.03125 0.0171875
5 0.43125 0.428125 0.0296875 0.01875
5 0.21875 0.54609375 0.0125 0.025
5 0.30078125 0.590625 0.015625 0.028125
5 0.37109375 0.57890625 0.028125 0.01875