0 0.38671875 0.31484375 0.2484375 0.26875
11 0.26796875 0.56484375 0.16875 0.184375
10 0.13984375 0.503125 0.0453125 0.0671875
10 0.39453125 0.68125 0.059375 0.04375
10 0.43046875 0.50234375 0.059375 0.0484375
10 0.40703125 0.12109375 0.0609375 0.059375
10 0.49296875 0.17109375 0.059375 0.059375
10 0.615625 0.31328125 0.071875 0.0703125
10 0.55078125 0.35390625 0.04375 0.05625
10 0.41875 0.58671875 0.0375 0.046875
10 0.459375 0.61484375 0.053125 0.0546875
10 0.49765625 0.440625 0.0484375 0.05
5 0.546875 0.23515625 0.05625 0.0609375
5 0.51171875 0.53359375 0.05 0.05625