0 0.45546875 0.66328125 0.2546875 0.18125
5 0.67734375 0.2734375 0.1125 0.0734375
5 0.66171875 0.3375 0.1109375 0.0671875
5 0.64140625 0.39296875 0.1109375 0.06875
5 0.33125 0.321875 0.1046875 0.0625
5 0.28359375 0.09921875 0.0640625 0.1
5 0.21015625 0.59921875 0.103125 0.0671875
5 0.71953125 0.6640625 0.1078125 0.071875
5 0.7015625 0.72421875 0.1015625 0.065625
5 0.684375 0.7765625 0.090625 0.05625
10 0.5046875 0.8296875 0.090625 0.1140625
10 0.346875 0.79453125 0.0796875 0.1
1 0.4390625 0.1328125 0.1875 0.15625