11 0.58046875 0.228125 0.190625 0.090625
11 0.52578125 0.64140625 0.121875 0.08125
0 0.4 0.271875 0.10625 0.178125
12 0.19921875 0.39921875 0.1875 0.146875
12 0.77578125 0.40546875 0.20625 0.175
12 0.49453125 0.83203125 0.18125 0.1671875
10 0.17734375 0.25234375 0.0171875 0.025
10 0.28828125 0.25703125 0.0125 0.025
10 0.20390625 0.25546875 0.0125 0.03125
10 0.24921875 0.26015625 0.034375 0.015625
10 0.25 0.2875 0.0296875 0.015625
10 0.25078125 0.30703125 0.0296875 0.015625
10 0.31328125 0.31640625 0.015625 0.028125
10 0.5125 0.296875 0.0375 0.01875
5 0.56328125 0.29453125 0.03125 0.015625
7 0.490625 0.57890625 0.0546875 0.0375
10 0.55 0.56015625 0.05 0.0234375
7 0.47265625 0.715625 0.0546875 0.0515625
10 0.41875 0.6375 0.021875 0.0375
10 0.41953125 0.69453125 0.021875 0.04375
10 0.56796875 0.70625 0.046875 0.0203125
10 0.565625 0.73828125 0.04375 0.0234375
5 0.446875 0.575 0.0171875 0.03125
10 0.54921875 0.590625 0.05 0.0203125
5 0.51796875 0.715625 0.01875 0.04375