0 0.528125 0.790625 0.1671875 0.1640625
0 0.63046875 0.184375 0.1546875 0.0875
0 0.45859375 0.284375 0.146875 0.09375
0 0.215625 0.13671875 0.153125 0.0765625
5 0.7453125 0.3984375 0.0984375 0.05625
5 0.29609375 0.45625 0.1015625 0.05
5 0.58671875 0.30078125 0.0578125 0.05625
5 0.33515625 0.328125 0.0640625 0.05625
5 0.2515625 0.3390625 0.0484375 0.05625
5 0.16171875 0.35 0.059375 0.0578125
5 0.3015625 0.2578125 0.0921875 0.046875
5 0.15234375 0.27421875 0.09375 0.040625
5 0.15078125 0.21953125 0.1046875 0.0578125
5 0.44140625 0.16015625 0.1015625 0.046875
5 0.434375 0.1046875 0.10625 0.04375
5 0.75390625 0.0765625 0.0578125 0.065625
5 0.76875 0.165625 0.065625 0.0640625
10 0.71640625 0.29765625 0.1203125 0.053125
10 0.47265625 0.4171875 0.11875 0.0515625
10 0.4703125 0.36875 0.115625 0.053125
10 0.71875 0.24765625 0.103125 0.0515625
10 0.4515625 0.2046875 0.1109375 0.0421875
10 0.29609375 0.196875 0.1078125 0.053125
1 0.6109375 0.06953125 0.115625 0.05