9 0.7859375 0.68515625 0.328125 0.5671875
5 0.54375 0.73671875 0.1625 0.115625
5 0.384375 0.73671875 0.096875 0.25
5 0.21796875 0.7640625 0.0953125 0.246875
1 0.075 0.5203125 0.15 0.25625
1 0.33515625 0.4875 0.1546875 0.2765625
3 0.39921875 0.23359375 0.2796875 0.334375
1 0.90390625 0.38671875 0.140625 0.2078125
5 0.94453125 0.64140625 0.0875 0.2671875
12 0.12421875 0.865625 0.0859375 0.196875
12 0.04453125 0.265625 0.0890625 0.25625
10 0.2234375 0.48203125 0.0765625 0.2375
10 0.17265625 0.48984375 0.0828125 0.2203125
0 0.51875 0.52265625 0.2265625 0.3734375