6 0.46640625 0.12109375 0.3140625 0.2421875
11 0.790625 0.9109375 0.3625 0.178125
5 0.353125 0.8671875 0.1125 0.20625
5 0.665625 0.2328125 0.071875 0.1265625
5 0.64453125 0.46328125 0.0875 0.0625
5 0.63203125 0.54140625 0.0625 0.121875
5 0.6375 0.6546875 0.078125 0.075
10 0.6 0.7703125 0.0765625 0.0796875
10 0.72109375 0.79609375 0.06875 0.065625
10 0.91015625 0.80546875 0.0609375 0.0640625
6 0.48125 0.8765625 0.0734375 0.128125
0 0.8546875 0.6375 0.18125 0.215625
12 0.73828125 0.24375 0.1 0.184375
12 0.890625 0.09921875 0.21875 0.1390625
12 0.81953125 0.2484375 0.075 0.1828125
12 0.89140625 0.2640625 0.0765625 0.225
10 0.64609375 0.371875 0.075 0.05625
12 0.28046875 0.47265625 0.5609375 0.4296875
10 0.49140625 0.275 0.078125 0.0640625