0 0.29296875 0.5484375 0.409375 0.559375
0 0.6484375 0.57578125 0.196875 0.25
6 0.28046875 0.08125 0.1203125 0.10625
0 0.75234375 0.3125 0.153125 0.2453125
0 0.50859375 0.18828125 0.14375 0.1703125
12 0.940625 0.78359375 0.11875 0.2765625
12 0.91484375 0.43515625 0.1703125 0.2796875
12 0.85859375 0.1125 0.1921875 0.225
6 0.6796875 0.03515625 0.121875 0.0703125
6 0.8390625 0.90859375 0.1015625 0.0921875
0 0.65859375 0.93828125 0.084375 0.0921875
0 0.3796875 0.975 0.078125 0.05
1 0.11953125 0.15 0.1015625 0.140625
11 0.50625 0.5890625 0.0734375 0.1109375
10 0.4953125 0.5171875 0.025 0.0234375
10 0.5203125 0.66015625 0.028125 0.0203125
10 0.22890625 0.23203125 0.021875 0.0390625
10 0.45234375 0.0953125 0.05 0.0359375
10 0.52109375 0.034375 0.0625 0.05
10 0.53046875 0.0796875 0.0578125 0.04375
10 0.24453125 0.91796875 0.0515625 0.0359375
10 0.25390625 0.971875 0.0609375 0.053125
10 0.4515625 0.9703125 0.034375 0.059375
10 0.48203125 0.9625 0.0421875 0.075
10 0.60546875 0.8453125 0.04375 0.08125
10 0.64140625 0.84296875 0.034375 0.071875
10 0.709375 0.9234375 0.034375 0.075
10 0.7421875 0.909375 0.0453125 0.0828125
10 0.73671875 0.81484375 0.01875 0.0421875
10 0.8015625 0.57421875 0.03125 0.025
10 0.78671875 0.48671875 0.028125 0.025
13 0.30234375 0.91484375 0.05625 0.1390625
13 0.77578125 0.775 0.0734375 0.15625
7 0.846875 0.81015625 0.071875 0.1015625
7 0.6765625 0.1078125 0.065625 0.0828125
1 0.81484375 0.6484375 0.0515625 0.040625
1 0.82421875 0.6875 0.053125 0.0421875
5 0.38125 0.88203125 0.1234375 0.1421875
5 0.54609375 0.9125 0.109375 0.165625
5 0.69453125 0.8625 0.0234375 0.021875
5 0.69609375 0.82109375 0.025 0.040625
5 0.715625 0.815625 0.01875 0.0390625
5 0.79140625 0.51953125 0.0296875 0.025
5 0.79609375 0.54453125 0.0234375 0.025
5 0.8625 0.640625 0.025 0.025
5 0.86953125 0.6625 0.01875 0.021875
5 0.87421875 0.69921875 0.01875 0.0234375
5 0.8125 0.26484375 0.01875 0.040625
5 0.83359375 0.259375 0.01875 0.0359375
5 0.7171875 0.09921875 0.01875 0.0359375
5 0.61875 0.234375 0.0296875 0.0296875
5 0.25078125 0.2234375 0.01875 0.0390625
5 0.26953125 0.221875 0.0203125 0.0359375
5 0.33359375 0.21328125 0.0171875 0.0296875
5 0.35234375 0.2078125 0.01875 0.03125
13 0.6109375 0.109375 0.0859375 0.14375