0 0.48984375 0.74609375 0.196875 0.125
0 0.64921875 0.1734375 0.2421875 0.190625
5 0.29375 0.3125 0.06875 0.071875
5 0.60625 0.36484375 0.134375 0.0640625
5 0.34140625 0.2328125 0.096875 0.0421875
5 0.35859375 0.17265625 0.0921875 0.0515625
10 0.79765625 0.25625 0.0609375 0.0703125
10 0.32890625 0.72109375 0.0734375 0.078125
10 0.50234375 0.65859375 0.1203125 0.0515625
10 0.50703125 0.61796875 0.1265625 0.046875
10 0.53046875 0.48515625 0.08125 0.078125
10 0.81640625 0.1453125 0.075 0.075
10 0.89296875 0.1546875 0.071875 0.075
1 0.375 0.0671875 0.165625 0.1015625