12 0.1484375 0.81953125 0.296875 0.2453125
12 0.1515625 0.19609375 0.1046875 0.065625
12 0.16328125 0.14609375 0.0984375 0.059375
12 0.175 0.1015625 0.103125 0.075
12 0.41015625 0.88359375 0.2921875 0.2328125
12 0.67890625 0.90859375 0.2921875 0.1828125
4 0.21015625 0.5375 0.334375 0.434375
4 0.48515625 0.60390625 0.340625 0.425
4 0.75234375 0.6625 0.340625 0.4359375
13 0.28125 0.2265625 0.06875 0.1140625
13 0.4828125 0.27734375 0.0546875 0.103125
13 0.69453125 0.31875 0.0578125 0.1
13 0.9390625 0.3453125 0.0859375 0.0546875
13 0.99140625 0.31484375 0.0171875 0.1234375
7 0.428125 0.24140625 0.065625 0.0875
7 0.63671875 0.290625 0.0625 0.084375
7 0.83984375 0.3421875 0.05625 0.0828125
5 0.41484375 0.30625 0.0515625 0.0484375
5 0.30078125 0.14296875 0.0484375 0.0375
5 0.30859375 0.10859375 0.0421875 0.0375
5 0.50546875 0.18984375 0.0453125 0.034375
5 0.515625 0.15390625 0.0453125 0.0359375
5 0.61796875 0.3515625 0.0484375 0.0390625
5 0.82265625 0.40078125 0.046875 0.0390625
5 0.94140625 0.41328125 0.034375 0.05
5 0.709375 0.23671875 0.040625 0.028125
5 0.7171875 0.20078125 0.0421875 0.0328125
1 0.4453125 0.175 0.0546875 0.0390625
1 0.64765625 0.221875 0.0515625 0.0390625
1 0.853125 0.26875 0.0515625 0.0375
2 0.94765625 0.271875 0.0796875 0.0796875
0 0.36328125 0.209375 0.1078125 0.1671875
0 0.56875 0.25703125 0.1125 0.175
0 0.771875 0.29765625 0.109375 0.184375
1 0.9828125 0.40625 0.034375 0.04375
10 0.8875 0.40234375 0.0375 0.05625
10 0.9171875 0.403125 0.0296875 0.0546875