2 0.61171875 0.91796875 0.2890625 0.1640625
2 0.73359375 0.13203125 0.259375 0.209375
13 0.390625 0.90390625 0.1078125 0.1078125
13 0.3578125 0.2671875 0.06875 0.1609375
13 0.6375 0.32109375 0.0953125 0.0890625
5 0.42265625 0.27109375 0.0765625 0.1890625
5 0.48671875 0.2609375 0.0375 0.0859375
5 0.26953125 0.62421875 0.040625 0.1015625
7 0.29296875 0.48359375 0.071875 0.0828125
5 0.27265625 0.33984375 0.0609375 0.0484375
5 0.2359375 0.45234375 0.040625 0.10625
5 0.28203125 0.26171875 0.0546875 0.053125
1 0.29375 0.1875 0.065625 0.05
10 0.21484375 0.61953125 0.04375 0.1125
10 0.8125 0.6046875 0.0390625 0.1078125
0 0.40703125 0.55625 0.1484375 0.28125
0 0.60546875 0.584375 0.140625 0.271875
12 0.1125 0.53125 0.2109375 0.4671875
12 0.90859375 0.640625 0.1828125 0.28125