14 0.45078125 0.14296875 0.5203125 0.2859375
4 0.2140625 0.815625 0.278125 0.36875
12 0.484375 0.91484375 0.2375 0.1703125
12 0.92109375 0.28046875 0.1375 0.203125
12 0.71953125 0.90703125 0.234375 0.1828125
13 0.47890625 0.665625 0.14375 0.071875
13 0.6671875 0.66171875 0.1359375 0.0765625
1 0.765625 0.1265625 0.0421875 0.109375
6 0.246875 0.48125 0.178125 0.175
6 0.48046875 0.4765625 0.171875 0.15625
6 0.7140625 0.471875 0.1703125 0.1671875
10 0.909375 0.45625 0.0859375 0.0609375
0 0.91953125 0.59921875 0.1265625 0.1890625
0 0.05546875 0.371875 0.1109375 0.196875
10 0.9125 0.75859375 0.0859375 0.0640625
10 0.81875 0.2953125 0.034375 0.0765625
10 0.0234375 0.51953125 0.046875 0.0453125
10 0.02578125 0.578125 0.05 0.046875
7 0.03125 0.78515625 0.0546875 0.0765625
5 0.025 0.696875 0.0453125 0.0453125
5 0.02578125 0.634375 0.046875 0.0328125
5 0.7703125 0.28515625 0.028125 0.0703125
5 0.79765625 0.6375 0.0421875 0.084375