4 0.4375 0.24921875 0.3921875 0.4421875
4 0.43984375 0.715625 0.4 0.446875
12 0.16015625 0.48671875 0.16875 0.83125
0 0.78203125 0.40859375 0.1609375 0.15625
0 0.78828125 0.56484375 0.1765625 0.13125
12 0.946875 0.6875 0.090625 0.2234375
12 0.93828125 0.29453125 0.084375 0.278125
13 0.68671875 0.73671875 0.0359375 0.140625
13 0.68125 0.253125 0.0375 0.1375
7 0.6875 0.06484375 0.065625 0.090625
1 0.81484375 0.06875 0.034375 0.090625
1 0.82265625 0.91640625 0.040625 0.103125
7 0.69453125 0.91328125 0.059375 0.1125
5 0.7625 0.78046875 0.0375 0.1015625
5 0.82109375 0.778125 0.0375 0.090625
5 0.75546875 0.19765625 0.03125 0.090625
5 0.821875 0.21328125 0.046875 0.10625