14 0.38203125 0.31640625 0.3203125 0.209375
6 0.48046875 0.48984375 0.096875 0.0921875
6 0.35859375 0.45625 0.103125 0.0921875
6 0.2421875 0.425 0.103125 0.09375
0 0.15625 0.35 0.0890625 0.0921875
13 0.43359375 0.55859375 0.0671875 0.046875
13 0.34453125 0.53046875 0.0796875 0.0484375
0 0.56953125 0.56171875 0.0984375 0.0984375
10 0.55078125 0.628125 0.0515625 0.0359375
10 0.58125 0.4984375 0.059375 0.0453125
10 0.559375 0.4265625 0.0375 0.0515625
10 0.12109375 0.42734375 0.040625 0.028125
10 0.125 0.4046875 0.04375 0.03125
5 0.53125 0.4171875 0.0375 0.05
5 0.1109375 0.47578125 0.040625 0.0296875
5 0.11484375 0.453125 0.034375 0.0265625
5 0.5046875 0.5625 0.0265625 0.040625
1 0.55234375 0.3515625 0.03125 0.0546875
12 0.3765625 0.6640625 0.2671875 0.1609375
12 0.19375 0.57890625 0.2 0.240625
7 0.10390625 0.51171875 0.053125 0.053125
12 0.61015625 0.446875 0.096875 0.115625