14 0.32890625 0.47109375 0.6140625 0.234375
12 0.940625 0.3265625 0.0953125 0.2453125
12 0.95390625 0.58515625 0.084375 0.125
5 0.87421875 0.4703125 0.084375 0.0453125
5 0.8484375 0.5421875 0.1359375 0.0375
5 0.84765625 0.61796875 0.109375 0.0375
5 0.859375 0.69140625 0.109375 0.0328125
5 0.52734375 0.65703125 0.0828125 0.1390625
5 0.40078125 0.653125 0.0484375 0.1078125
5 0.253125 0.65859375 0.046875 0.090625
5 0.10625 0.65390625 0.053125 0.1046875
12 0.884375 0.753125 0.0546875 0.078125
14 0.775 0.41484375 0.103125 0.0375
14 0.77421875 0.38046875 0.1 0.03125
14 0.771875 0.3578125 0.0953125 0.0265625
14 0.7703125 0.3328125 0.0875 0.0296875
14 0.76796875 0.30078125 0.0921875 0.028125
14 0.7703125 0.27265625 0.0984375 0.0234375
14 0.76875 0.24765625 0.1 0.0234375
14 0.76875 0.22109375 0.103125 0.034375