12 0.25078125 0.93984375 0.3859375 0.1125
12 0.73359375 0.975 0.2734375 0.05
12 0.07265625 0.740625 0.1453125 0.2125
12 0.89609375 0.81953125 0.15625 0.1265625
0 0.49375 0.6296875 0.4828125 0.2328125
5 0.4203125 0.015625 0.103125 0.03125
5 0.5046875 0.1234375 0.1015625 0.040625
5 0.52890625 0.32109375 0.1015625 0.0375
5 0.4671875 0.39140625 0.021875 0.0265625
5 0.571875 0.4015625 0.0265625 0.0203125
5 0.6359375 0.48984375 0.0234375 0.0203125
5 0.7125 0.496875 0.0234375 0.0203125
1 0.51171875 0.43515625 0.0921875 0.03125
1 0.67421875 0.0359375 0.1015625 0.0390625
5 0.3109375 0.86015625 0.0234375 0.0203125
5 0.35234375 0.8640625 0.025 0.021875
5 0.578125 0.88828125 0.021875 0.021875
5 0.61640625 0.8921875 0.0265625 0.025
5 0.30078125 0.759375 0.034375 0.0265625
5 0.37109375 0.7703125 0.0234375 0.0203125
10 0.46484375 0.7890625 0.0546875 0.0234375
10 0.46640625 0.76796875 0.0546875 0.0203125
10 0.46953125 0.74765625 0.0484375 0.015625
10 0.34375 0.7359375 0.0546875 0.0171875
10 0.37734375 0.49296875 0.046875 0.015625
10 0.46796875 0.50234375 0.0578125 0.0171875
10 0.38203125 0.4734375 0.0546875 0.021875