12 0.125 0.91015625 0.25 0.1296875
12 0.421875 0.94140625 0.26875 0.1171875
12 0.7640625 0.86796875 0.325 0.2640625
13 0.06640625 0.546875 0.0875 0.0953125
13 0.1828125 0.55625 0.0765625 0.090625
13 0.3078125 0.57421875 0.084375 0.0828125
13 0.4359375 0.584375 0.0640625 0.084375
13 0.55859375 0.5953125 0.0828125 0.0890625
13 0.66953125 0.6140625 0.0796875 0.078125
13 0.79296875 0.628125 0.0859375 0.0859375
13 0.91484375 0.63515625 0.0796875 0.0828125
10 0.01640625 0.634375 0.0328125 0.040625
10 0.13359375 0.6453125 0.046875 0.0421875
10 0.25625 0.6609375 0.0390625 0.03125
10 0.38125 0.67578125 0.040625 0.0390625
10 0.51015625 0.68828125 0.040625 0.0375
10 0.63828125 0.703125 0.0453125 0.0328125
10 0.7640625 0.7171875 0.0484375 0.034375
10 0.88984375 0.73046875 0.0515625 0.040625
10 0.15078125 0.47421875 0.08125 0.0328125
10 0.15234375 0.4453125 0.0796875 0.0296875
10 0.15234375 0.4203125 0.06875 0.025
10 0.153125 0.3984375 0.06875 0.028125
10 0.15390625 0.37109375 0.0734375 0.0203125
10 0.94765625 0.52890625 0.0796875 0.028125
10 0.740625 0.52734375 0.05625 0.0359375
10 0.9453125 0.503125 0.06875 0.025
10 0.94296875 0.47421875 0.0921875 0.03125
10 0.84375 0.4109375 0.0828125 0.028125
10 0.84921875 0.36328125 0.0765625 0.025
10 0.8265625 0.31015625 0.0734375 0.028125
10 0.8328125 0.28671875 0.090625 0.03125
10 0.21796875 0.2484375 0.084375 0.028125
10 0.2203125 0.2 0.0796875 0.0296875
10 0.33671875 0.0296875 0.10625 0.040625
10 0.871875 0.1015625 0.0640625 0.0484375
0 0.73828125 0.08515625 0.1296875 0.065625
0 0.5109375 0.39375 0.4984375 0.2640625
5 0.06796875 0.64296875 0.040625 0.046875
5 0.1953125 0.6578125 0.040625 0.040625
5 0.32265625 0.66953125 0.0484375 0.0390625
5 0.45 0.68515625 0.05625 0.034375
5 0.57578125 0.696875 0.0484375 0.0390625
5 0.7015625 0.7125 0.0515625 0.0328125
5 0.825 0.7203125 0.0484375 0.040625
5 0.953125 0.7390625 0.0484375 0.0359375
5 0.9328125 0.55390625 0.0734375 0.03125
5 0.3421875 0.203125 0.05 0.05
5 0.40625 0.209375 0.0453125 0.046875
5 0.459375 0.21484375 0.046875 0.0390625
5 0.5203125 0.22421875 0.0453125 0.0375
5 0.58203125 0.23046875 0.05 0.0421875
5 0.63203125 0.23515625 0.0375 0.0453125
5 0.6921875 0.23984375 0.0453125 0.04375
5 0.253125 0.11796875 0.06875 0.028125
5 0.2609375 0.090625 0.06875 0.0265625
5 0.5 0.11328125 0.0828125 0.0296875
5 0.64140625 0.128125 0.0796875 0.0296875
5 0.7765625 0.14296875 0.0828125 0.03125
1 0.53828125 0.053125 0.115625 0.0453125