15 0.16953125 0.3453125 0.0890625 0.1796875
15 0.259375 0.3609375 0.0765625 0.1765625
15 0.34921875 0.371875 0.084375 0.18125
15 0.44375 0.39296875 0.0890625 0.1859375
1 0.265625 0.559375 0.0546875 0.0609375
1 0.34921875 0.5734375 0.053125 0.059375
1 0.42109375 0.58671875 0.0484375 0.059375
1 0.49609375 0.60234375 0.05625 0.0671875
5 0.234375 0.54765625 0.0328125 0.0703125
5 0.31171875 0.56640625 0.0296875 0.06875
5 0.3859375 0.5765625 0.0359375 0.078125
5 0.4640625 0.59375 0.0375 0.0640625
12 0.21328125 0.67265625 0.1 0.1125
12 0.378125 0.70390625 0.2671875 0.1640625
6 0.13046875 0.5421875 0.1796875 0.1234375