12 0.65234375 0.21953125 0.140625 0.1375
12 0.83359375 0.36015625 0.165625 0.1484375
12 0.575360884375 0.8914323640624999 0.1755165859375 0.6157246640625 0.1705416015625 0.614847440625 0.092499596875 0.6840400515625 0.5143903234375 0.96500593125 0.5746097625 0.8956921875000001 0.575360884375 0.8914323640624999
4 0.61875 0.759375 0.3953125 0.3625
4 0.3984375 0.609375 0.3984375 0.38125
7 0.43203125 0.28671875 0.071875 0.08125
7 0.7734375 0.5421875 0.075 0.0703125
13 0.709375 0.5 0.06875 0.0671875
13 0.5046875 0.34921875 0.071875 0.0671875
1 0.4828125 0.19140625 0.0734375 0.0625
1 0.8703125 0.471875 0.05625 0.0484375
5 0.51484375 0.27734375 0.065625 0.05625
5 0.5515625 0.2390625 0.0609375 0.046875
5 0.7703125 0.46171875 0.059375 0.0484375
5 0.81015625 0.428125 0.05625 0.0390625
0 0.71015625 0.40078125 0.1265625 0.1328125
0 0.6328125 0.33828125 0.1515625 0.146875