4 0.42890625 0.5375 0.4734375 0.3875
12 0.81328125 0.4515625 0.2609375 0.6109375
12 0.103125 0.3984375 0.20625 0.375
12 0.17109375 0.796875 0.2125 0.3765625
7 0.61328125 0.7140625 0.0625 0.078125
7 0.66328125 0.71015625 0.0609375 0.0890625
7 0.584375 0.296875 0.059375 0.0640625
7 0.53515625 0.3046875 0.0546875 0.071875
5 0.67421875 0.27734375 0.0375 0.075
5 0.69453125 0.38046875 0.0390625 0.0765625
5 0.734375 0.575 0.0375 0.0828125
5 0.75078125 0.6671875 0.0359375 0.0765625
13 0.67265625 0.56328125 0.0484375 0.10625
13 0.64140625 0.4171875 0.0609375 0.1296875