12 0.421875 0.13203125 0.6109375 0.215625
9 0.80234375 0.66328125 0.175 0.215625
1 0.36484375 0.34765625 0.0953125 0.115625
1 0.5 0.31796875 0.084375 0.11875
1 0.6390625 0.2875 0.0796875 0.10625
1 0.3953125 0.48515625 0.071875 0.1
1 0.53359375 0.459375 0.0890625 0.121875
1 0.66484375 0.4265625 0.0859375 0.1171875
5 0.3046875 0.346875 0.0578125 0.1140625
5 0.44375 0.3265625 0.05625 0.1078125
5 0.5828125 0.3 0.05 0.10625
5 0.33828125 0.50546875 0.05625 0.109375
5 0.47265625 0.47109375 0.0515625 0.1046875
5 0.609375 0.44140625 0.0484375 0.1
5 0.26796875 0.62890625 0.103125 0.08125
5 0.4796875 0.59375 0.0953125 0.0515625
5 0.26171875 0.8015625 0.053125 0.128125
5 0.46796875 0.7609375 0.0609375 0.14375
6 0.35703125 0.78125 0.171875 0.21875
6 0.5609375 0.7375 0.18125 0.221875