0 0.4375 0.0609375 0.15625 0.0796875
10 0.3859375 0.0203125 0.1203125 0.0359375
10 0.2453125 0.2734375 0.1109375 0.04375
5 0.64375 0.2515625 0.0828125 0.0390625
5 0.49765625 0.25234375 0.1109375 0.053125
5 0.57734375 0.571875 0.0984375 0.04375
5 0.6171875 0.684375 0.059375 0.065625
5 0.46953125 0.69375 0.05 0.05625
5 0.3203125 0.7109375 0.06875 0.065625
5 0.51171875 0.83125 0.128125 0.046875
5 0.56953125 0.95625 0.13125 0.028125
1 0.39296875 0.9703125 0.1453125 0.059375
1 0.3515625 0.58359375 0.13125 0.0390625