13 0.52578125 0.26875 0.0375 0.1734375
13 0.071875 0.25 0.090625 0.06875
14 0.31953125 0.2375 0.359375 0.4125
1 0.13984375 0.91171875 0.0484375 0.05
1 0.546875 0.66640625 0.046875 0.0484375
12 0.06484375 0.53125 0.121875 0.440625
12 0.93828125 0.47421875 0.1171875 0.45625
6 0.259375 0.896875 0.103125 0.1921875
6 0.609375 0.90546875 0.1296875 0.171875
7 0.540625 0.45390625 0.05 0.0921875
0 0.23671875 0.68828125 0.1609375 0.1484375
0 0.41953125 0.60078125 0.090625 0.1875
0 0.68828125 0.60625 0.0671875 0.1296875
9 0.83359375 0.8765625 0.1421875 0.246875
5 0.16875 0.540625 0.040625 0.04375
5 0.28515625 0.546875 0.0359375 0.0375
5 0.54140625 0.540625 0.03125 0.04375
5 0.54453125 0.60546875 0.03125 0.040625
10 0.75 0.63515625 0.0234375 0.075
10 0.78671875 0.63671875 0.025 0.0734375
5 0.13828125 0.84765625 0.0375 0.053125
4 0.73046875 0.25625 0.303125 0.4375
5 0.72421875 0.90390625 0.04375 0.0546875