0 0.46796875 0.4765625 0.24375 0.16875
0 0.4921875 0.07734375 0.159375 0.1265625
1 0.27421875 0.8671875 0.134375 0.0625
6 0.5828125 0.88671875 0.315625 0.196875
5 0.50390625 0.6875 0.11875 0.0671875
5 0.69140625 0.5421875 0.1453125 0.071875
10 0.69609375 0.4609375 0.134375 0.0671875
5 0.7 0.38515625 0.13125 0.06875
5 0.2828125 0.03984375 0.1265625 0.053125
5 0.2875 0.49375 0.059375 0.125
5 0.19609375 0.4875 0.059375 0.128125
5 0.52578125 0.29296875 0.13125 0.071875
7 0.696875 0.09609375 0.1484375 0.1171875
1 0.27578125 0.10703125 0.1296875 0.0609375
10 0.45234375 0.15546875 0.0609375 0.0296875
5 0.58984375 0.16328125 0.0578125 0.028125
5 0.73046875 0.1703125 0.059375 0.0265625