9 0.66015625 0.7890625 0.225 0.3625
9 0.903125 0.78515625 0.19375 0.3703125
0 0.0984375 0.69453125 0.1640625 0.246875
0 0.0859375 0.19453125 0.1625 0.259375
0 0.6359375 0.2140625 0.1453125 0.2578125
10 0.3765625 0.83671875 0.0984375 0.0734375
10 0.4234375 0.58828125 0.1328125 0.0984375
10 0.21875 0.17421875 0.1390625 0.0859375
10 0.8015625 0.140625 0.0625 0.1515625
10 0.91796875 0.2828125 0.0890625 0.13125
10 0.48046875 0.33828125 0.1171875 0.1453125
5 0.0953125 0.42109375 0.1328125 0.103125
5 0.265625 0.42109375 0.1171875 0.08125
5 0.2765625 0.690625 0.046875 0.225
5 0.21796875 0.66015625 0.0578125 0.190625
5 0.8234375 0.4015625 0.1171875 0.05625
5 0.9 0.5140625 0.1140625 0.05625