8 0.52578125 0.27734375 0.790625 0.478125
0 0.61171875 0.77109375 0.321875 0.215625
13 0.94765625 0.075 0.1046875 0.1046875
1 0.06640625 0.07265625 0.075 0.0984375
13 0.2125 0.64609375 0.0796875 0.1
11 0.32890625 0.66640625 0.0875 0.1171875
5 0.06953125 0.45703125 0.0609375 0.05625
5 0.246875 0.88671875 0.065625 0.0875
5 0.73515625 0.915625 0.0984375 0.03125
5 0.84296875 0.84375 0.059375 0.0625
5 0.83984375 0.725 0.059375 0.071875
5 0.84765625 0.61015625 0.05625 0.0515625
10 0.74453125 0.61171875 0.065625 0.0625
10 0.45859375 0.91953125 0.121875 0.053125
10 0.20546875 0.53671875 0.078125 0.05