8 0.490625 0.153125 0.78125 0.284375
11 0.271875 0.58203125 0.1 0.1296875
0 0.55703125 0.59140625 0.2296875 0.1421875
0 0.50703125 0.909375 0.1359375 0.084375
10 0.371875 0.53359375 0.0296875 0.0359375
10 0.37734375 0.59296875 0.0296875 0.0390625
10 0.66875 0.49921875 0.05 0.0171875
5 0.74296875 0.53203125 0.028125 0.028125
5 0.75234375 0.59296875 0.025 0.03125
5 0.46796875 0.74140625 0.0921875 0.0375
5 0.29296875 0.85625 0.0484375 0.0125
5 0.41796875 0.85703125 0.0421875 0.0234375
7 0.31953125 0.90234375 0.0859375 0.0671875
5 0.71796875 0.91875 0.090625 0.034375
1 0.71875 0.87890625 0.103125 0.03125
10 0.54921875 0.86015625 0.0515625 0.0171875