8 0.47734375 0.83203125 0.6765625 0.3359375
5 0.16796875 0.65703125 0.0546875 0.0625
7 0.28984375 0.6015625 0.1015625 0.084375
11 0.70078125 0.5234375 0.0875 0.140625
5 0.6875 0.6578125 0.059375 0.0671875
5 0.39375 0.34609375 0.0484375 0.071875
5 0.67421875 0.3359375 0.075 0.0453125
5 0.68125 0.278125 0.0921875 0.0375
5 0.68984375 0.2171875 0.0875 0.0484375
5 0.37421875 0.18359375 0.1 0.0515625
5 0.4703125 0.07265625 0.078125 0.040625
1 0.61328125 0.08828125 0.11875 0.05625
0 0.48984375 0.496875 0.1921875 0.0921875
10 0.49921875 0.56953125 0.1109375 0.0390625
10 0.49375 0.61640625 0.115625 0.0390625