8 0.49609375 0.15546875 0.753125 0.309375
11 0.51796875 0.36171875 0.203125 0.046875
10 0.54765625 0.64921875 0.05 0.08125
10 0.64375 0.64375 0.0625 0.05625
5 0.3375 0.64453125 0.053125 0.0625
5 0.43515625 0.64453125 0.059375 0.059375
5 0.44765625 0.76484375 0.0859375 0.028125
5 0.409375 0.90390625 0.090625 0.0296875
5 0.340625 0.3625 0.046875 0.0609375
5 0.67421875 0.44921875 0.0828125 0.0375
5 0.675 0.54375 0.09375 0.0359375
5 0.30703125 0.54140625 0.103125 0.0359375
0 0.4875 0.503125 0.140625 0.1125
1 0.578125 0.91328125 0.1375 0.0484375