7 0.74609375 0.10703125 0.2671875 0.1453125
7 0.24765625 0.115625 0.275 0.15625
7 0.24609375 0.31171875 0.2609375 0.146875
7 0.73515625 0.309375 0.271875 0.1625
7 0.728125 0.51796875 0.271875 0.153125
7 0.76015625 0.715625 0.278125 0.15
7 0.26171875 0.72578125 0.25625 0.140625
7 0.25625 0.51953125 0.25 0.15625
5 0.496875 0.125 0.1171875 0.1171875
5 0.50234375 0.29140625 0.125 0.115625
5 0.48359375 0.52578125 0.1234375 0.125
5 0.490625 0.70078125 0.0984375 0.121875
10 0.73359375 0.88203125 0.175 0.0875