12 0.465625 0.8796875 0.553125 0.240625
6 0.3265973359375 0.37813560625 0.38516443749999996 0.3848658015625 0.667892646875 0.4096013140625 0.6697770859375 0.3880620734375 0.6722018171874999 0.3289276734375 0.34697691875 0.292122121875 0.3389796796875 0.291422453125 0.3265973359375 0.37813560625
11 0.721423896875 0.456633340625 0.6649551390624999 0.475523575 0.7747380671874999 0.5341195296875 0.7950285734375 0.541496340625 0.8004804906249999 0.541973321875 0.8491094390624999 0.5254604796875 0.8492654500000001 0.5236772796875 0.7234038046875 0.4568065609375 0.721423896875 0.456633340625
1 0.741734396875 0.161969734375 0.683545496875 0.1583430984375 0.6802212421875 0.21113054843749998 0.748118271875 0.21705133124999998 0.75004871875 0.205587878125 0.7537726671875 0.1630229453125 0.741734396875 0.161969734375
1 0.610184715625 0.20769236562499999 0.6168804671875 0.168000053125 0.6179439078125 0.155844875 0.5494664765625 0.1498538765625 0.5490160953125 0.20336883437500003 0.610184715625 0.20769236562499999
1 0.471368559375 0.1934296171875 0.4728697765625 0.182631184375 0.47670601718750005 0.1387827546875 0.4205677828125 0.1338712953125 0.41506814375 0.189296815625 0.471368559375 0.1934296171875
1 0.28628895781249997 0.1735914234375 0.3367960203125 0.1798701453125 0.338719775 0.1800384515625 0.3494672640625 0.1409865125 0.3506358 0.127630090625 0.30515273593750003 0.12220531875 0.29220927343750003 0.1210729125 0.28628895781249997 0.1735914234375
5 0.31875 0.228125 0.0640625 0.0578125
5 0.43671875 0.24296875 0.0515625 0.05
5 0.578125 0.25390625 0.059375 0.046875
5 0.7046875 0.2609375 0.065625 0.0484375
0 0.49491551562499997 0.7269853187499999 0.8270739656250001 0.6339056890625 0.8274090953125001 0.6300751390625 0.5360652 0.4733543953125 0.5283141984374999 0.4726762703125 0.164967375 0.5733622125 0.46717067031250004 0.724557959375 0.49491551562499997 0.7269853187499999