12 0.48828125 0.109375 0.50625 0.2171875
6 0.6395428890625 0.5845332125 0.3141045 0.5857956484375 0.32008368125 0.6688524578124999 0.6371262375 0.6681692953125 0.6395428890625 0.5845332125
11 0.7489539749999999 0.47786885156250003 0.6401673640625 0.5221311484375 0.69246861875 0.5459016390625 0.8200836812500001 0.49426229531250004 0.7719665265625 0.4721311484375 0.7489539749999999 0.47786885156250003
1 0.7015695 0.8242841421874999 0.6983473265625 0.7725244546875001 0.6338912125 0.7721311484375 0.6317991625 0.8221311484375 0.7015695 0.8242841421874999
1 0.5726829765625 0.82239050625 0.5678497640625 0.7696839828125001 0.5098508453124999 0.7690527640625 0.5062761499999999 0.8221311484375 0.5726829765625 0.82239050625
1 0.43723849374999996 0.8262295078124999 0.43514644375 0.7729508187499999 0.3817698890625 0.7718932359374999 0.3817698890625 0.8252309765625 0.43723849374999996 0.8262295078124999
1 0.3173266734375 0.8245997578125 0.3092712421875 0.77410250625 0.2593277546875 0.7750493234375 0.259414225 0.8254098359375 0.3173266734375 0.8245997578125
5 0.29453125 0.72578125 0.05625 0.0515625
5 0.40703125 0.72265625 0.046875 0.04375
5 0.540625 0.72421875 0.0546875 0.040625
5 0.66015625 0.728125 0.059375 0.040625
0 0.5132319140625 0.5207621375 0.8100101984375 0.39888169375000004 0.48820223125 0.2713975734375 0.1767736859375 0.38859548906249997 0.5132319140625 0.5207621375