1 0.43359375 0.04609375 0.125 0.0421875
5 0.590625 0.053125 0.0890625 0.034375
5 0.5484375 0.1640625 0.1 0.0375
5 0.5578125 0.28125 0.0890625 0.0375
5 0.55625 0.33125 0.0984375 0.0375
0 0.4953125 0.45390625 0.134375 0.08125
10 0.93125 0.76953125 0.1078125 0.040625
10 0.7734375 0.76796875 0.0859375 0.034375
10 0.21484375 0.7484375 0.1046875 0.0390625
10 0.05546875 0.74453125 0.096875 0.0359375
5 0.93359375 0.71796875 0.0953125 0.0390625
5 0.77734375 0.71484375 0.0890625 0.03125
5 0.215625 0.6953125 0.0984375 0.0328125
5 0.0546875 0.6890625 0.0921875 0.034375
10 0.4890625 0.6515625 0.0875 0.04375
10 0.49375 0.54453125 0.09375 0.0328125
5 0.490625 0.59609375 0.1140625 0.0390625
5 0.7015625 0.46640625 0.0875 0.03125
5 0.29609375 0.45390625 0.1 0.040625
5 0.29375 0.39921875 0.0953125 0.028125
5 0.703125 0.4140625 0.0875 0.034375
6 0.4890625 0.8453125 0.396875 0.2265625