12 0.49375 0.12421875 0.6046875 0.103125
9 0.765625 0.71796875 0.1421875 0.1921875
1 0.39609375 0.325 0.078125 0.1015625
1 0.53515625 0.32109375 0.065625 0.109375
1 0.67734375 0.31796875 0.0625 0.0953125
1 0.4 0.465625 0.05625 0.090625
1 0.540625 0.46640625 0.06875 0.1109375
1 0.67578125 0.459375 0.0671875 0.10625
5 0.3375 0.3125 0.0375 0.109375
5 0.478125 0.31875 0.0375 0.1015625
5 0.61953125 0.31953125 0.03125 0.1015625
5 0.340625 0.47421875 0.0375 0.1046875
5 0.47890625 0.46640625 0.034375 0.1
5 0.61875 0.46328125 0.03125 0.096875
5 0.24765625 0.58203125 0.0921875 0.065625
5 0.4625 0.58828125 0.090625 0.0359375
5 0.20859375 0.75078125 0.0296875 0.125
5 0.41875 0.75 0.034375 0.140625
6 0.30625 0.74921875 0.1375 0.1953125
6 0.51484375 0.74453125 0.146875 0.1984375