12 0.53828125 0.32265625 0.878125 0.1875
12 0.55390625 0.46640625 0.884375 0.2796875
12 0.5671875 0.65546875 0.865625 0.2671875
12 0.575 0.8 0.85 0.196875
3 0 0.22419082031249998 0.034723421875 0.22054124218750001 0.029555315625000002 0.1541579546875 0 0.15580514843749999 0 0.22419082031249998
12 0.80234375 0.0375 0.1140625 0.075
12 0.059375 0.60625 0.0609375 0.2765625
12 0.03359375 0.3734375 0.0625 0.059375
12 0.02421875 0.2734375 0.0484375 0.04375
12 0.11484375 0.9671875 0.0515625 0.065625
6 0.85625 0.9125 0.075 0.0703125
6 0.65234375 0.9328125 0.075 0.075
6 0.440625 0.95390625 0.06875 0.071875
6 0.23515625 0.9703125 0.0796875 0.059375
6 0.9265625 0.10625 0.0796875 0.140625
1 0.421875 0.04375 0.065625 0.06875
1 0.43359375 0.153125 0.071875 0.078125
1 0.2921875 0.05703125 0.06875 0.06875
1 0.1546875 0.07109375 0.0703125 0.0625
1 0.02890625 0.084375 0.0578125 0.06875
12 0.678125 0.0203125 0.1 0.040625
0 0.5609375 0.04140625 0.08125 0.0828125
0 0.65546875 0.13359375 0.1203125 0.084375
13 0.7984375 0.1234375 0.115625 0.0484375
13 0.22421875 0.2078125 0.0359375 0.0796875
5 0.95390625 0.890625 0.0359375 0.1109375
5 0.7484375 0.90703125 0.0359375 0.103125
5 0.5421875 0.92578125 0.0390625 0.09375
5 0.33828125 0.94765625 0.034375 0.0953125
5 0.4765625 0.2171875 0.109375 0.04375
5 0.4890625 0.05390625 0.05 0.1078125
5 0.2671875 0.20859375 0.04375 0.1125
12 0.084375 0.84140625 0.0640625 0.075
2 0.70703125 0.1953125 0.0453125 0.0296875
9 0.1265625 0.21640625 0.146875 0.15
10 0.3234375 0.16875 0.0703125 0.0859375
10 0.5359375 0.14765625 0.08125 0.0515625
10 0.61796875 0.2015625 0.08125 0.0453125
10 0.8078125 0.178125 0.0875 0.0515625
5 0.36484375 0.0625 0.0515625 0.1046875
5 0.22421875 0.075 0.0390625 0.08125
5 0.0875 0.0890625 0.04375 0.09375