12 0.275 0.90859375 0.3375 0.159375
12 0.47734375 0.15 0.4 0.2234375
12 0.71953125 0.90078125 0.33125 0.1984375
6 0.11015625 0.31953125 0.15 0.1234375
6 0.26953125 0.32578125 0.1296875 0.1234375
6 0.43515625 0.328125 0.1328125 0.125
6 0.59296875 0.334375 0.1296875 0.125
6 0.75703125 0.33828125 0.1484375 0.128125
6 0.915625 0.334375 0.140625 0.140625
13 0.18359375 0.48515625 0.04375 0.109375
13 0.340625 0.48046875 0.0359375 0.08125
13 0.49296875 0.4875 0.0296875 0.096875
13 0.65390625 0.48125 0.0359375 0.078125
13 0.80703125 0.48203125 0.0296875 0.06875
13 0.965625 0.47890625 0.0296875 0.090625
15 0.09609375 0.58671875 0.078125 0.328125
15 0.25703125 0.57578125 0.0859375 0.340625
15 0.415625 0.58515625 0.09375 0.3359375
15 0.57265625 0.58359375 0.0828125 0.334375
15 0.7375 0.58046875 0.1 0.334375
15 0.89921875 0.590625 0.103125 0.36875
1 0.18515625 0.59921875 0.0484375 0.065625
1 0.34140625 0.59453125 0.0375 0.0625
1 0.5 0.59921875 0.0375 0.0625
1 0.64921875 0.59140625 0.0359375 0.059375
1 0.81015625 0.590625 0.046875 0.0671875
1 0.96640625 0.590625 0.0484375 0.0703125
1 0.75625 0.10078125 0.071875 0.084375
5 0.76328125 0.171875 0.0625 0.053125
5 0.18359375 0.70078125 0.03125 0.1109375
5 0.34140625 0.70703125 0.025 0.096875
5 0.496875 0.696875 0.0296875 0.096875
5 0.65 0.71171875 0.034375 0.11875
5 0.80703125 0.70390625 0.0359375 0.090625
5 0.96640625 0.71171875 0.04375 0.13125