10 0.78671875 0.29765625 0.25625 0.58125
2 0.29375 0.24296875 0.26875 0.4671875
13 0.50390625 0.23828125 0.1046875 0.328125
10 0.075 0.44609375 0.071875 0.2234375
10 0.72890625 0.76796875 0.0828125 0.221875
10 0.8125 0.76796875 0.0625 0.2296875
5 0.59453125 0.865625 0.0671875 0.0671875
5 0.40390625 0.86328125 0.0703125 0.0609375
5 0.27421875 0.77578125 0.06875 0.08125
5 0.17890625 0.840625 0.040625 0.121875
5 0.18984375 0.63984375 0.040625 0.121875
5 0.27734375 0.5875 0.0734375 0.06875
10 0.278125 0.68125 0.0671875 0.059375
0 0.509375 0.634375 0.1796875 0.309375
10 0.6125 0.38984375 0.034375 0.1109375