9 0.48359375 0.39375 0.33125 0.375
1 0.8296875 0.2234375 0.159375 0.1265625
1 0.69140625 0.19921875 0.1640625 0.1375
1 0.50625 0.16171875 0.171875 0.15
1 0.35546875 0.14609375 0.16875 0.159375
1 0.66875 0.77109375 0.184375 0.1578125
1 0.51484375 0.7421875 0.165625 0.190625
1 0.31484375 0.71015625 0.1515625 0.165625
1 0.171875 0.684375 0.175 0.1953125
10 0.27265625 0.62109375 0.059375 0.0515625
10 0.61953125 0.6875 0.0875 0.0578125
10 0.7328125 0.29609375 0.05625 0.0578125
10 0.39765625 0.2375 0.05625 0.0578125
7 0.65 0.334375 0.08125 0.0828125