0 0.28359375 0.503125 0.3171875 0.496875
0 0.61875 0.58828125 0.15625 0.21875
6 0.35 0.05390625 0.103125 0.0859375
0 0.7625 0.35546875 0.1125 0.221875
0 0.55 0.19453125 0.1171875 0.146875
12 0.9125 0.84375 0.16875 0.246875
12 0.9171875 0.5015625 0.165625 0.253125
12 0.91328125 0.165625 0.1734375 0.23125
6 0.74375 0.05859375 0.1046875 0.090625
6 0.746875 0.94609375 0.0875 0.0875
0 0.56640625 0.93984375 0.071875 0.084375
0 0.29375 0.946875 0.065625 0.08125
1 0.184375 0.09296875 0.0796875 0.1234375
11 0.48046875 0.578125 0.05625 0.1
10 0.48203125 0.50703125 0.0234375 0.01875
10 0.48203125 0.64765625 0.025 0.015625
10 0.27578125 0.18984375 0.015625 0.0375
10 0.5125 0.096875 0.04375 0.028125
10 0.58828125 0.05 0.0546875 0.0390625
10 0.58984375 0.09453125 0.053125 0.034375
10 0.175 0.84765625 0.0453125 0.0296875
10 0.175 0.90078125 0.053125 0.04375
10 0.36328125 0.94296875 0.0234375 0.071875
10 0.39375 0.93515625 0.0296875 0.078125
10 0.53203125 0.83984375 0.028125 0.075
10 0.56640625 0.84375 0.0234375 0.0671875
10 0.61875 0.93125 0.0234375 0.06875
10 0.65234375 0.92421875 0.03125 0.078125
10 0.6625 0.83203125 0.0125 0.040625
10 0.765625 0.61328125 0.028125 0.01875
10 0.765625 0.52734375 0.0234375 0.021875
13 0.23125 0.85546875 0.03125 0.13125
13 0.70703125 0.80078125 0.0484375 0.146875
7 0.76875 0.846875 0.05625 0.090625
7 0.725 0.146875 0.0515625 0.0734375
1 0.765625 0.68671875 0.046875 0.03125
1 0.76796875 0.725 0.0484375 0.034375
5 0.31171875 0.83671875 0.1 0.1234375
5 0.46328125 0.89375 0.08125 0.1484375
5 0.21953125 0.96328125 0.015625 0.0359375
5 0.24296875 0.96328125 0.015625 0.046875
5 0.61484375 0.87109375 0.0203125 0.0171875
5 0.62265625 0.83125 0.0171875 0.0359375
5 0.64296875 0.83046875 0.0125 0.0375
5 0.76484375 0.559375 0.025 0.0203125
5 0.76484375 0.584375 0.0203125 0.0203125
5 0.8125 0.6875 0.021875 0.021875
5 0.815625 0.709375 0.0171875 0.01875
5 0.81484375 0.74453125 0.015625 0.0203125
5 0.828125 0.31953125 0.0125 0.0375
5 0.84921875 0.31796875 0.0125 0.0328125
5 0.76484375 0.14453125 0.0125 0.034375
5 0.64765625 0.25859375 0.025 0.025
5 0.29765625 0.18515625 0.0125 0.0359375
5 0.315625 0.18671875 0.015625 0.034375
5 0.37890625 0.18984375 0.0125 0.0296875
5 0.39765625 0.1875 0.015625 0.0296875
13 0.66171875 0.13671875 0.0625 0.13125