12 0.48828125 0.20859375 0.1625 0.1921875
6 0.04609375 0.35625 0.0609375 0.1359375
6 0.10390625 0.35703125 0.05625 0.1234375
6 0.16484375 0.36015625 0.053125 0.11875
6 0.22421875 0.35703125 0.05625 0.109375
6 0.28515625 0.36484375 0.053125 0.090625
6 0.34921875 0.36875 0.0546875 0.109375
6 0.40390625 0.35703125 0.059375 0.1
6 0.46640625 0.36015625 0.05 0.1
6 0.53046875 0.36328125 0.0546875 0.0984375
6 0.59296875 0.36484375 0.046875 0.090625
6 0.64921875 0.365625 0.05625 0.084375
6 0.709375 0.36875 0.05625 0.0984375
6 0.77578125 0.36484375 0.0546875 0.08125
6 0.83671875 0.36875 0.0546875 0.10625
6 0.89453125 0.36015625 0.0609375 0.1
6 0.96015625 0.36328125 0.053125 0.1171875
15 0.04140625 0.58359375 0.040625 0.2875
15 0.1 0.58984375 0.03125 0.3046875
15 0.15546875 0.58046875 0.028125 0.2671875
15 0.21875 0.58125 0.03125 0.2734375
15 0.28203125 0.58125 0.0296875 0.2875
15 0.34140625 0.58359375 0.028125 0.28125
15 0.40078125 0.56796875 0.028125 0.2734375
15 0.4625 0.58515625 0.028125 0.25625
15 0.52265625 0.58359375 0.03125 0.2625
15 0.58203125 0.578125 0.028125 0.2671875
15 0.64296875 0.58828125 0.0359375 0.2875
15 0.70546875 0.58671875 0.034375 0.2875
15 0.76796875 0.57578125 0.028125 0.2671875
15 0.82890625 0.58203125 0.0375 0.2984375
15 0.88828125 0.578125 0.040625 0.29375
15 0.95 0.57890625 0.028125 0.2921875
13 0.07734375 0.49453125 0.0109375 0.1
13 0.13515625 0.5 0.0171875 0.0921875
13 0.19609375 0.48671875 0.0140625 0.0984375
13 0.253125 0.490625 0.015625 0.090625
13 0.31484375 0.496875 0.0125 0.09375
13 0.37265625 0.49140625 0.015625 0.071875
13 0.43359375 0.49140625 0.015625 0.090625
13 0.49375 0.48984375 0.0125 0.09375
13 0.553125 0.48828125 0.0125 0.10625
13 0.61328125 0.48984375 0.015625 0.1046875
13 0.67265625 0.49921875 0.0125 0.11875
13 0.734375 0.49140625 0.0109375 0.08125
13 0.79453125 0.4875 0.0109375 0.08125
13 0.85390625 0.490625 0.0171875 0.0875
13 0.9125 0.49296875 0.015625 0.0875
13 0.97265625 0.4875 0.0125 0.09375
1 0.07734375 0.58671875 0.01875 0.046875
1 0.13671875 0.59296875 0.0125 0.0375
1 0.19921875 0.59609375 0.0171875 0.05625
1 0.25546875 0.59296875 0.021875 0.0671875
1 0.31484375 0.59453125 0.021875 0.06875
1 0.375 0.59296875 0.01875 0.0671875
1 0.434375 0.59296875 0.021875 0.0671875
1 0.49453125 0.58359375 0.01875 0.0671875
1 0.55625 0.5875 0.0203125 0.06875
1 0.61328125 0.58828125 0.021875 0.0671875
1 0.67265625 0.59453125 0.0234375 0.0546875
1 0.73359375 0.59609375 0.01875 0.071875
1 0.79296875 0.59296875 0.0234375 0.0625
1 0.85546875 0.5875 0.01875 0.059375
1 0.915625 0.58828125 0.015625 0.0671875
1 0.97578125 0.59453125 0.0171875 0.0625
5 0.07734375 0.68671875 0.0171875 0.0875
5 0.13671875 0.68125 0.015625 0.059375
5 0.19453125 0.68671875 0.01875 0.0734375
5 0.25546875 0.68046875 0.015625 0.0859375
5 0.31640625 0.68046875 0.0125 0.0671875
5 0.37421875 0.67890625 0.015625 0.078125
5 0.43359375 0.690625 0.015625 0.078125
5 0.49375 0.684375 0.0171875 0.0984375
5 0.55546875 0.68984375 0.015625 0.09375
5 0.6125 0.68984375 0.015625 0.1046875
5 0.67734375 0.68515625 0.01875 0.1
5 0.73203125 0.67421875 0.0203125 0.0984375
5 0.79140625 0.68671875 0.025 0.121875
5 0.85546875 0.6875 0.021875 0.1046875
5 0.91875 0.70625 0.021875 0.090625
5 0.978125 0.690625 0.0125 0.121875
1 0.59375 0.1875 0.01875 0.0796875
12 0.29375 0.87734375 0.3234375 0.2
12 0.69453125 0.871875 0.325 0.196875