12 0.86015625 0.8421875 0.2203125 0.315625
1 0.334375 0.2328125 0.109375 0.15
1 0.571875 0.29375 0.109375 0.1625
1 0.81171875 0.325 0.109375 0.146875
10 0.32734375 0.134375 0.0375 0.040625
10 0.3875 0.1578125 0.028125 0.0375
10 0.7875 0.23203125 0.0390625 0.0421875
5 0.85625 0.24375 0.0328125 0.0328125
5 0.34609375 0.39453125 0.0484375 0.059375
5 0.55078125 0.41171875 0.05 0.0484375
5 0.81796875 0.4796875 0.0421875 0.0546875
5 0.79765625 0.56328125 0.0359375 0.0390625
7 0.76015625 0.4265625 0.0625 0.0859375
7 0.290625 0.33671875 0.053125 0.0859375
5 0.3375 0.4765625 0.03125 0.040625
5 0.53671875 0.53671875 0.053125 0.065625
1 0.7390625 0.54765625 0.0375 0.05625
1 0.265625 0.46484375 0.046875 0.05625
10 0.27265625 0.5203125 0.0453125 0.0390625
10 0.7609375 0.615625 0.0390625 0.0390625