6 0.46328125 0.84140625 0.115625 0.125
6 0.35546875 0.7546875 0.115625 0.115625
6 0.2546875 0.6703125 0.1109375 0.1140625
6 0.14765625 0.57421875 0.125 0.11875
6 0.55625 0.7453125 0.1 0.1296875
6 0.653125 0.64140625 0.1171875 0.1140625
6 0.75390625 0.53203125 0.1140625 0.11875
6 0.45546875 0.6578125 0.1015625 0.103125
6 0.5484375 0.553125 0.1171875 0.125
6 0.66015625 0.43984375 0.1171875 0.14375
6 0.35859375 0.56328125 0.1109375 0.1203125
6 0.45078125 0.4578125 0.103125 0.128125
6 0.5515625 0.3578125 0.11875 0.1328125
6 0.25078125 0.478125 0.11875 0.1171875
6 0.34609375 0.378125 0.115625 0.1171875
6 0.4453125 0.26015625 0.11875 0.1453125
12 0.7125 0.8125 0.24375 0.275