4 0.86484375 0.38203125 0.2703125 0.2515625
4 0.67421875 0.309375 0.2671875 0.2625
4 0.509375 0.21796875 0.265625 0.25625
4 0.315625 0.13203125 0.2625 0.190625
12 0.1203125 0.31484375 0.071875 0.10625
12 0.17421875 0.4546875 0.1890625 0.1296875
7 0.83359375 0.62265625 0.0515625 0.0484375
7 0.6390625 0.5515625 0.0421875 0.0453125
7 0.459375 0.4765625 0.05 0.0453125
7 0.28515625 0.40703125 0.05 0.04375
13 0.7859375 0.565625 0.053125 0.05
13 0.61015625 0.4890625 0.0578125 0.040625
13 0.43359375 0.4265625 0.0671875 0.0484375
13 0.26875 0.3515625 0.0578125 0.0515625
5 0.80234375 0.66171875 0.0453125 0.0359375
5 0.7828125 0.6953125 0.0484375 0.0453125
5 0.6234375 0.5875 0.0546875 0.0390625
5 0.59375 0.61484375 0.0453125 0.034375
5 0.4359375 0.5125 0.05 0.034375
5 0.409375 0.53828125 0.0359375 0.034375
5 0.26015625 0.4359375 0.0546875 0.0375
1 0.61875 0.66640625 0.05 0.0296875
1 0.54609375 0.6296875 0.05 0.0359375
1 0.46484375 0.60546875 0.0421875 0.0390625
1 0.39140625 0.571875 0.0390625 0.0453125
0 0.71875 0.60703125 0.0984375 0.1203125
0 0.528125 0.53203125 0.0984375 0.103125
0 0.3484375 0.45859375 0.0984375 0.1125
0 0.18046875 0.378125 0.09375 0.09375