6 0.5515625 0.890625 0.10625 0.0796875
1 0.48125 0.75390625 0.0515625 0.0640625
1 0.5328125 0.7453125 0.0484375 0.059375
1 0.5859375 0.7421875 0.0515625 0.059375
11 0.4609375 0.5359375 0.046875 0.0390625
11 0.54921875 0.5265625 0.04375 0.0390625
2 0.47578125 0.65 0.0296875 0.0203125
10 0.521875 0.64453125 0.0296875 0.0203125
10 0.5625 0.63984375 0.0359375 0.021875
10 0.46875 0.61484375 0.0265625 0.015625
10 0.515625 0.609375 0.028125 0.0171875
10 0.559375 0.60546875 0.0296875 0.0171875
10 0.46640625 0.58203125 0.03125 0.0203125
10 0.51171875 0.5765625 0.0296875 0.0203125
10 0.55390625 0.56875 0.0265625 0.015625
10 0.50703125 0.53984375 0.025 0.015625
2 0.5046875 0.325 0.0578125 0.03125
5 0.42421875 0.33515625 0.0125 0.015625
5 0.440625 0.3328125 0.0125 0.0171875
5 0.45625 0.33046875 0.0125 0.0171875
5 0.53671875 0.359375 0.0171875 0.025
10 0.509375 0.36171875 0.0234375 0.028125
12 0.46953125 0.23125 0.1328125 0.0953125