0 0.53359375 0.32890625 0.259375 0.159375
5 0.43515625 0.80546875 0.1125 0.0640625
5 0.4296875 0.73515625 0.1140625 0.0546875
5 0.4328125 0.67109375 0.1125 0.0546875
5 0.775 0.63984375 0.1109375 0.0515625
5 0.89921875 0.853125 0.053125 0.1046875
5 0.80703125 0.3140625 0.10625 0.0546875
5 0.26171875 0.4171875 0.1109375 0.059375
5 0.259375 0.35 0.10625 0.0546875
5 0.26015625 0.290625 0.09375 0.0484375
10 0.42734375 0.175 0.08125 0.1125
10 0.60078125 0.15859375 0.0703125 0.1
1 0.72734375 0.87109375 0.184375 0.14375