1 0.94453125 0.93125 0.1109375 0.096875
1 0.08203125 0.9640625 0.1203125 0.071875
12 0.49609375 0.759375 0.7703125 0.48125
5 0.0671875 0.89921875 0.0953125 0.0359375
5 0.9609375 0.85390625 0.078125 0.0328125
5 0.05546875 0.7078125 0.0921875 0.0328125
5 0.05078125 0.66328125 0.0875 0.034375
5 0.05 0.57578125 0.0953125 0.034375
5 0.94609375 0.57421875 0.1078125 0.0421875
5 0.94765625 0.52734375 0.1015625 0.034375
5 0.22109375 0.49453125 0.05 0.05625
5 0.30859375 0.10078125 0.053125 0.0609375
5 0.39140625 0.09765625 0.0875 0.0640625
5 0.4796875 0.09375 0.053125 0.05
5 0.5625 0.0890625 0.065625 0.0546875
5 0.81484375 0.078125 0.0640625 0.05625
1 0.67890625 0.084375 0.15625 0.0921875
10 0.171875 0.10546875 0.1921875 0.084375
10 0.04453125 0.621875 0.0796875 0.040625
10 0.13671875 0.5 0.0625 0.059375
10 0.30625 0.48984375 0.05625 0.0625
10 0.3828125 0.48515625 0.071875 0.0703125
10 0.7515625 0.46875 0.071875 0.0546875
10 0.83515625 0.4640625 0.0671875 0.0609375
10 0.9515625 0.61796875 0.096875 0.0359375
11 0.56875 0.47421875 0.2796875 0.1015625
0 0.46875 0.2875 0.7890625 0.265625
2 0.95625 0.73984375 0.08125 0.096875