8 0.5296875 0.15625 0.8125 0.3125
11 0.73046875 0.5984375 0.1078125 0.1359375
0 0.4390625 0.59296875 0.2421875 0.1578125
0 0.47265625 0.91953125 0.14375 0.0921875
10 0.63046875 0.54296875 0.0296875 0.0359375
10 0.621875 0.603125 0.03125 0.0421875
10 0.3296875 0.4921875 0.0515625 0.0203125
5 0.25234375 0.521875 0.028125 0.028125
5 0.23984375 0.58359375 0.028125 0.0328125
5 0.521875 0.75078125 0.0953125 0.04375
5 0.69453125 0.8765625 0.05 0.015625
5 0.56640625 0.87109375 0.0421875 0.025
7 0.6640625 0.921875 0.090625 0.0734375
5 0.2578125 0.9171875 0.0921875 0.0390625
1 0.25859375 0.87734375 0.10625 0.0375
10 0.4328125 0.8671875 0.053125 0.01875