12 0.8020139484375 0.7161931187499999 0.7992823734375001 0.8231319750000001 0.9860052703125 0.834237740625 0.9895540875 0.6015220359375 0.9773949156249999 0.601097428125 0.805876271875 0.6055906359375001 0.8020139484375 0.7161931187499999
12 0.9374492484375001 0.2823216546875 0.8353938015625 0.3120127578125 0.8326710265624999 0.37554629687499996 0.8286841484374999 0.489715534375 0.9388040578125001 0.4765614 0.9391533515624999 0.46655895156250005 0.9446234546875001 0.282572184375 0.9374492484375001 0.2823216546875
0 0.55859375 0.67109375 0.0953125 0.18125
0 0.753125 0.38671875 0.096875 0.146875
12 0.42421875 0.459375 0.0703125 0.090625
2 0.78515625 0.63984375 0.01875 0.0546875
5 0.73515625 0.79140625 0.01875 0.021875
5 0.71796875 0.74765625 0.025 0.0203125
5 0.72109375 0.709375 0.025 0.01875
5 0.42578125 0.71328125 0.025 0.0203125
11 0.65234375 0.534375 0.05 0.1796875
10 0.759375 0.59765625 0.0171875 0.0421875
10 0.64765625 0.68203125 0.0125 0.0375
10 0.628125 0.6828125 0.0140625 0.0328125
1 0.46875 0.7140625 0.0296875 0.025
7 0.76640625 0.7328125 0.0234375 0.0515625
10 0.49921875 0.61328125 0.0109375 0.0359375
10 0.6828125 0.58203125 0.0109375 0.0421875
10 0.68515625 0.50703125 0.009375 0.0546875