12 0.6170166625 0.09220509375 0.489945175 0.009161564062499999 0.3903133734375 0.2135257546875 0.526945175 0.3150086390625 0.6170166625 0.09220509375
10 0.5548890609375 0.5479760125 0.5303890609375 0.5337331328125 0.5068890609375 0.5869565203125 0.5273890609375 0.6131934046875 0.5548890609375 0.5479760125
10 0.603 0.5854572703125 0.5795 0.5682158921875 0.553 0.6349325328125001 0.5755 0.6506746625 0.603 0.5854572703125
12 0.7868217890625 0.2295241140625 0.6355000000000001 0.11994002968749999 0.545893975 0.3108489203125 0.6955 0.42578710624999994 0.7868217890625 0.2295241140625
10 0.3548889984375 0.37106446875 0.3323889984375 0.3568215890625 0.3058889984375 0.4130434796875 0.32938899843749997 0.43178410781250004 0.3548889984375 0.37106446875
5 0.5599999999999999 0.77886056875 0.5589999999999999 0.7908545734375 0.5685 0.79910045 0.581 0.7668665671875 0.5695 0.7601199390625 0.5599999999999999 0.77886056875
9 0.459375 0.75234375 0.15 0.2625
12 0.41328125 0.425 0.078125 0.109375
12 0.26171875 0.75390625 0.184375 0.2421875
0 0.44609375 0.59765625 0.0859375 0.103125
5 0.378125 0.2875 0.046875 0.0625