9 0.63671875 0.81328125 0.2859375 0.3734375
9 0.86875 0.8328125 0.215625 0.334375
0 0.0859375 0.62890625 0.171875 0.2796875
0 0.14765625 0.1265625 0.2046875 0.253125
0 0.71640625 0.2296875 0.1875 0.2890625
10 0.33359375 0.82890625 0.1125 0.0921875
10 0.4265625 0.57890625 0.153125 0.1234375
10 0.28984375 0.11171875 0.1578125 0.1109375
10 0.90234375 0.18359375 0.0875 0.165625
10 0.96953125 0.35 0.0609375 0.146875
10 0.5328125 0.3296875 0.1421875 0.1703125
5 0.1171875 0.3453125 0.153125 0.1265625
5 0.29375 0.37734375 0.1328125 0.1015625
5 0.25546875 0.65859375 0.08125 0.2421875
5 0.2 0.61640625 0.0859375 0.2046875
5 0.8765625 0.4578125 0.1296875 0.0765625
5 0.93359375 0.58828125 0.1234375 0.0734375