12 0.19453125 0.4140625 0.2015625 0.2171875
12 0.8109375 0.4 0.2 0.209375
12 0.5 0.3515625 0.13125 0.103125
2 0.81796875 0.571875 0.1046875 0.125
6 0.06953125 0.56171875 0.0671875 0.103125
5 0.2015625 0.53203125 0.0359375 0.0265625
5 0.92109375 0.53125 0.0171875 0.0328125
5 0.73828125 0.54765625 0.01875 0.034375
5 0.6171875 0.496875 0.0375 0.0203125
5 0.428125 0.44375 0.0546875 0.021875
5 0.3546875 0.40078125 0.03125 0.01875
5 0.35234375 0.42421875 0.0296875 0.015625
5 0.34453125 0.46171875 0.046875 0.0296875
5 0.34453125 0.49609375 0.034375 0.028125
0 0.28046875 0.55859375 0.0796875 0.0796875
0 0.4640625 0.5328125 0.140625 0.0859375
0 0.6546875 0.575 0.0921875 0.0703125
10 0.94921875 0.53046875 0.0203125 0.0359375
10 0.8953125 0.53359375 0.0203125 0.0375
10 0.72578125 0.57734375 0.0328125 0.0125
10 0.7234375 0.61328125 0.0265625 0.0375
10 0.66796875 0.4703125 0.040625 0.0265625
10 0.671875 0.496875 0.04375 0.01875
10 0.67578125 0.52265625 0.034375 0.021875
10 0.6140625 0.47265625 0.034375 0.021875
10 0.615625 0.51875 0.025 0.0171875
10 0.5515625 0.5140625 0.021875 0.0359375
10 0.51328125 0.4703125 0.0375 0.0203125
10 0.4390625 0.471875 0.0359375 0.0203125
5 0.5515625 0.56015625 0.0140625 0.028125