12 0.82890625 0.8125 0.2734375 0.309375
12 0.9046875 0.30546875 0.190625 0.3015625
12 0.1296875 0.140625 0.1640625 0.2421875
12 0.05 0.62421875 0.1 0.2359375
6 0.43671875 0.2109375 0.128125 0.19375
6 0.36015625 0.70703125 0.1359375 0.225
11 0.42734375 0.83671875 0.084375 0.1125
11 0.528125 0.34296875 0.0984375 0.1140625
1 0.221875 0.81015625 0.1015625 0.0796875
1 0.23671875 0.73828125 0.1015625 0.075
1 0.26328125 0.6421875 0.1078125 0.08125
1 0.2796875 0.55078125 0.09375 0.0671875
1 0.2875 0.24375 0.05625 0.04375
1 0.2984375 0.19609375 0.05625 0.0453125
1 0.30859375 0.15078125 0.05625 0.0359375
1 0.31484375 0.10546875 0.0609375 0.04375
5 0.34765625 0.25625 0.046875 0.0390625
5 0.35625 0.2078125 0.0515625 0.0421875
5 0.3640625 0.16796875 0.05625 0.04375
5 0.37734375 0.11640625 0.05625 0.0453125
0 0.5640625 0.77421875 0.271875 0.3015625
0 0.6875 0.2625 0.25 0.3140625