13 0.4484375 0.73515625 0.0578125 0.19375
13 0.94765625 0.71171875 0.1046875 0.0828125
14 0.67734375 0.74921875 0.43125 0.4859375
1 0.81171875 0.0125 0.0578125 0.025
1 0.38671875 0.30078125 0.0546875 0.0578125
12 0.9203125 0.40390625 0.159375 0.4921875
12 0.03125 0.54453125 0.0625 0.5046875
6 0.6828125 0.065625 0.125 0.13125
6 0.30078125 0.078125 0.153125 0.1375
7 0.4140625 0.5328125 0.0625 0.1046875
0 0.72578125 0.246875 0.1890625 0.1765625
0 0.5328125 0.36015625 0.115625 0.2140625
0 0.2375 0.38046875 0.0859375 0.146875
9 0.07109375 0.13515625 0.1421875 0.2078125
5 0.8140625 0.40234375 0.05 0.0515625
5 0.6859375 0.40703125 0.0421875 0.04375
5 0.40546875 0.4375 0.0390625 0.05
5 0.3953125 0.3671875 0.0375 0.046875
10 0.1671875 0.35390625 0.0328125 0.084375
10 0.12734375 0.35625 0.034375 0.08125
5 0.81796875 0.06171875 0.0453125 0.0609375
4 0.225 0.75625 0.371875 0.4875
5 0.1703125 0.05703125 0.053125 0.0640625