12 0.89140625 0.44765625 0.2171875 0.5859375
12 0.69140625 0.034375 0.2265625 0.06875
1 0.1578125 0.7671875 0.115625 0.1265625
1 0.1421875 0.59375 0.1265625 0.125
0 0.4953125 0.45 0.2109375 0.3609375
0 0.1609375 0.38828125 0.0953125 0.1515625
0 0.14296875 0.190625 0.0890625 0.1484375
0 0.31875 0.20234375 0.10625 0.16875
10 0.6984375 0.31484375 0.090625 0.0890625
10 0.68046875 0.16640625 0.0828125 0.08125
10 0.72578125 0.465625 0.046875 0.0421875
10 0.34609375 0.50546875 0.0453125 0.046875
10 0.4234375 0.69453125 0.0421875 0.04375
5 0.29453125 0.76953125 0.0546875 0.0484375
5 0.2796875 0.64921875 0.0515625 0.05
10 0.67734375 0.90234375 0.0265625 0.0765625
5 0.0765625 0.4015625 0.0328125 0.0828125
5 0.05546875 0.18828125 0.040625 0.103125
5 0.23515625 0.209375 0.0359375 0.103125
5 0.7375 0.59140625 0.0640625 0.053125
5 0.75 0.7078125 0.0578125 0.0515625
5 0.43359375 0.80078125 0.04375 0.05625
5 0.76015625 0.82265625 0.0453125 0.0453125
5 0.76875 0.93046875 0.0453125 0.0421875