4 0.0484375 0.3359375 0.096875 0.225
4 0.1234375 0.7890625 0.134375 0.221875
4 0.2203125 0.76796875 0.1328125 0.215625
4 0.3125 0.75703125 0.134375 0.2359375
4 0.40703125 0.73671875 0.1328125 0.2265625
4 0.496875 0.71796875 0.1296875 0.2375
4 0.1203125 0.31640625 0.1296875 0.225
4 0.21484375 0.2953125 0.1265625 0.2203125
4 0.31015625 0.278125 0.128125 0.2109375
4 0.4015625 0.265625 0.1328125 0.2265625
4 0.48984375 0.24453125 0.128125 0.2234375
4 0.58359375 0.22578125 0.13125 0.2328125
4 0.671875 0.203125 0.1296875 0.2375
4 0.5875 0.69609375 0.1296875 0.221875
4 0.67734375 0.67734375 0.1296875 0.221875
4 0.76640625 0.6609375 0.128125 0.2140625
12 0.028125 0.184375 0.05625 0.090625
12 0.0953125 0.1640625 0.1046875 0.103125
12 0.18515625 0.14375 0.1140625 0.109375
12 0.2734375 0.128125 0.1015625 0.1
12 0.36640625 0.1140625 0.10625 0.1015625
12 0.45625 0.09140625 0.10625 0.1
12 0.546875 0.06796875 0.1078125 0.0953125
12 0.63671875 0.05078125 0.1046875 0.0953125
12 0.16171875 0.9453125 0.1078125 0.09375
12 0.25703125 0.92890625 0.1109375 0.1109375
12 0.3453125 0.9046875 0.1046875 0.1015625
12 0.43671875 0.8890625 0.109375 0.1046875
12 0.53125 0.87578125 0.115625 0.1078125
12 0.6203125 0.853125 0.10625 0.1078125
12 0.7125 0.82890625 0.109375 0.0875
12 0.8 0.81875 0.0953125 0.096875
0 0.84140625 0.59921875 0.1078125 0.2578125
0 0.74375 0.053125 0.103125 0.10625
0 0.778125 0.3015625 0.09375 0.253125
0 0.82265625 0.24296875 0.0484375 0.0625
0 0.88203125 0.2296875 0.0515625 0.065625
0 0.8359375 0.30703125 0.0484375 0.0515625
0 0.85 0.35859375 0.0484375 0.0625
0 0.86171875 0.4265625 0.05 0.0625
0 0.92421875 0.40703125 0.0484375 0.0609375
0 0.91171875 0.353125 0.046875 0.059375
0 0.8984375 0.2953125 0.053125 0.0671875
0 0.89296875 0.57578125 0.0484375 0.0640625
0 0.90390625 0.6265625 0.0484375 0.059375
0 0.9171875 0.68671875 0.05 0.0640625
0 0.93125 0.74609375 0.0484375 0.053125
0 0.95390625 0.5625 0.053125 0.05625
0 0.965625 0.61640625 0.0515625 0.0609375
0 0.9765625 0.67734375 0.046875 0.0609375
0 0.98359375 0.73828125 0.0328125 0.0578125
5 0.87578125 0.47421875 0.0328125 0.0328125
5 0.9328125 0.45859375 0.0390625 0.040625
5 0.8734375 0.7546875 0.025 0.0484375
5 0.88515625 0.809375 0.028125 0.053125
5 0.93984375 0.79296875 0.034375 0.028125
5 0.9921875 0.78125 0.015625 0.028125
5 0.75390625 0.146875 0.021875 0.04375
5 0.80546875 0.17890625 0.028125 0.0515625
13 0.79921875 0.02734375 0.0296875 0.0546875
10 0.9140625 0.10625 0.0203125 0.05
10 0.84609375 0.0375 0.0859375 0.075
10 0.8828125 0.1171875 0.071875 0.0984375
10 0.8265625 0.12265625 0.0671875 0.1015625
12 0.92890625 0.21796875 0.0703125 0.1375
12 0.96953125 0.46015625 0.0609375 0.2734375
5 0.74921875 0.49375 0.0265625 0.025
5 0.68671875 0.37265625 0.0296875 0.0296875
5 0.59921875 0.38828125 0.0265625 0.028125
5 0.659375 0.51015625 0.0265625 0.0265625
5 0.57109375 0.53125 0.0265625 0.0234375
5 0.509375 0.41015625 0.0296875 0.0265625
5 0.05859375 0.50390625 0.0234375 0.025
5 0.1203125 0.6234375 0.0296875 0.0265625
5 0.15078125 0.48359375 0.0296875 0.0265625
5 0.2125 0.6046875 0.025 0.025
5 0.30625 0.58828125 0.028125 0.01875
5 0.2421875 0.4671875 0.034375 0.028125
5 0.32890625 0.45 0.025 0.0234375
5 0.39140625 0.56875 0.0234375 0.0265625
5 0.48125 0.546875 0.0265625 0.0171875
5 0.42109375 0.43046875 0.0296875 0.0296875
1 0.09921875 0.49921875 0.0265625 0.0265625
1 0.0859375 0.63125 0.028125 0.0265625
1 0.18515625 0.4765625 0.0265625 0.028125
1 0.175 0.6125 0.0265625 0.0203125
1 0.2640625 0.5953125 0.028125 0.028125
1 0.3671875 0.440625 0.0265625 0.0265625
1 0.353125 0.57421875 0.0296875 0.0265625
1 0.27890625 0.4578125 0.0265625 0.0265625
1 0.45390625 0.4234375 0.0265625 0.0234375
1 0.44609375 0.55703125 0.028125 0.03125
1 0.53671875 0.5375 0.028125 0.0265625
1 0.6328125 0.38359375 0.028125 0.0265625
1 0.7234375 0.36484375 0.0296875 0.0296875
1 0.6234375 0.51953125 0.0296875 0.0265625
1 0.7140625 0.50078125 0.028125 0.0203125