12 0.496875 0.1125 0.571875 0.225
1 0.10390625 0.06484375 0.059375 0.0484375
1 0.90390625 0.06171875 0.05625 0.046875
5 0.10625 0.128125 0.0421875 0.0359375
5 0.90703125 0.13203125 0.0546875 0.0453125
5 0.39375 0.38359375 0.0859375 0.015625
5 0.503125 0.38203125 0.065625 0.015625
5 0.62890625 0.38359375 0.071875 0.01875
5 0.065625 0.48125 0.046875 0.04375
5 0.178125 0.48203125 0.05 0.0359375
5 0.45703125 0.57890625 0.021875 0.0203125
5 0.50859375 0.57578125 0.0296875 0.0203125
5 0.55703125 0.575 0.03125 0.0234375
5 0.61875 0.67578125 0.090625 0.0296875
5 0.628125 0.71640625 0.08125 0.028125
5 0.625 0.80703125 0.0796875 0.021875
5 0.615625 0.853125 0.08125 0.025
5 0.31328125 0.853125 0.0875 0.0234375
5 0.42890625 0.940625 0.08125 0.028125
10 0.30390625 0.44765625 0.0984375 0.025
10 0.32578125 0.475 0.0546875 0.0109375
6 0.35390625 0.69453125 0.1359375 0.0984375
6 0.86640625 0.47734375 0.0984375 0.1046875
1 0.58359375 0.94296875 0.096875 0.03125
12 0.04921875 0.78671875 0.0984375 0.3734375
12 0.95703125 0.78671875 0.0859375 0.36875