14 0.628125 0.36484375 0.2984375 0.1546875
6 0.48125 0.49375 0.0828125 0.078125
6 0.60546875 0.5015625 0.090625 0.0765625
6 0.72265625 0.51015625 0.090625 0.0796875
0 0.8265625 0.46796875 0.0765625 0.0796875
13 0.503125 0.5734375 0.0609375 0.0375
13 0.5953125 0.575 0.0734375 0.0328125
0 0.37734375 0.53203125 0.0828125 0.0828125
10 0.3734375 0.6 0.046875 0.0265625
10 0.38515625 0.4703125 0.053125 0.0359375
10 0.4296875 0.41015625 0.03125 0.0484375
10 0.834375 0.55078125 0.0375 0.021875
10 0.83828125 0.528125 0.0390625 0.021875
5 0.4578125 0.41015625 0.03125 0.0453125
5 0.828125 0.59921875 0.0359375 0.021875
5 0.83203125 0.57734375 0.03125 0.01875
5 0.4359375 0.553125 0.0203125 0.0390625
1 0.459375 0.34375 0.01875 0.0515625
12 0.521875 0.6890625 0.2515625 0.1140625
12 0.71953125 0.66796875 0.1625 0.2140625
7 0.8234375 0.634375 0.0453125 0.0453125
12 0.375 0.41328125 0.0796875 0.1046875