12 0.4546875 0.13046875 0.63125 0.15
9 0.778125 0.7234375 0.1609375 0.20625
1 0.36875 0.34453125 0.0859375 0.1109375
1 0.51171875 0.33046875 0.0734375 0.115625
1 0.6578125 0.3171875 0.071875 0.103125
1 0.3828125 0.48984375 0.0640625 0.096875
1 0.52734375 0.48046875 0.078125 0.1203125
1 0.6671875 0.46328125 0.0765625 0.1140625
5 0.30703125 0.33671875 0.0453125 0.1140625
5 0.45234375 0.3328125 0.046875 0.109375
5 0.59921875 0.3234375 0.0390625 0.10625
5 0.321875 0.503125 0.0453125 0.109375
5 0.46484375 0.48515625 0.0421875 0.1046875
5 0.60859375 0.471875 0.0390625 0.1015625
5 0.234375 0.62109375 0.0984375 0.0734375
5 0.45625 0.61171875 0.0953125 0.0421875
5 0.20546875 0.79765625 0.0390625 0.1296875
5 0.42265625 0.78203125 0.04375 0.146875
6 0.30625 0.7890625 0.15625 0.2125
6 0.52109375 0.76953125 0.165625 0.2140625