11 0.7859375 0.5125 0.1578125 0.3078125
12 0.2484375 0.296875 0.2421875 0.3984375
12 0.53515625 0.80625 0.625 0.175
7 0.24609375 0.5703125 0.1078125 0.115625
5 0.71953125 0.1671875 0.11875 0.090625
5 0.56640625 0.178125 0.109375 0.0671875
5 0.4140625 0.2859375 0.0875 0.059375
5 0.421875 0.36015625 0.0953125 0.0453125
5 0.35234375 0.546875 0.0578125 0.109375
5 0.2453125 0.69921875 0.05 0.09375
5 0.3734375 0.66875 0.071875 0.1078125
10 0.30625 0.67890625 0.046875 0.0890625
10 0.409375 0.19375 0.0828125 0.0671875
0 0.55625 0.546875 0.3578125 0.33125
1 0.75546875 0.27265625 0.05625 0.09375
1 0.70625 0.278125 0.0546875 0.0984375
1 0.64921875 0.28671875 0.0546875 0.0953125
1 0.5953125 0.29765625 0.0609375 0.1109375
1 0.53671875 0.30078125 0.0625 0.103125