8 0.5125 0.346875 0.3875 0.5625
12 0.26640625 0.55546875 0.090625 0.0875
12 0.25703125 0.109375 0.1546875 0.09375
12 0.778125 0.11484375 0.1296875 0.09375
5 0.79296875 0.65078125 0.0484375 0.0484375
5 0.20703125 0.659375 0.078125 0.04375
5 0.80625 0.90078125 0.0375 0.075
5 0.30390625 0.90546875 0.025 0.0796875
10 0.26484375 0.91015625 0.01875 0.0671875
10 0.77421875 0.92578125 0.01875 0.0734375
1 0.76171875 0.709375 0.0359375 0.03125
1 0.24453125 0.70703125 0.034375 0.040625
7 0.21640625 0.91171875 0.0609375 0.125
7 0.71875 0.91484375 0.0625 0.1125