0 0.73203125 0.54296875 0.44375 0.5859375
0 0.36640625 0.5515625 0.2125 0.2625
6 0.76796875 0.07890625 0.11875 0.0828125
0 0.2734375 0.2765625 0.16875 0.253125
0 0.53046875 0.1625 0.1546875 0.1796875
12 0.06015625 0.74609375 0.1203125 0.2890625
12 0.09765625 0.39140625 0.1953125 0.2953125
12 0.1734375 0.09296875 0.2125 0.1859375
6 0.3609375 0.01640625 0.121875 0.0328125
6 0.1515625 0.88671875 0.109375 0.1078125
0 0.3359375 0.92578125 0.0921875 0.1015625
0 0.6171875 0.97421875 0.084375 0.0515625
1 0.93125 0.14921875 0.1078125 0.1375
11 0.5109375 0.57421875 0.08125 0.115625
10 0.52578125 0.5 0.028125 0.025
10 0.4921875 0.6453125 0.028125 0.021875
10 0.8140625 0.221875 0.0234375 0.0421875
10 0.59296875 0.07109375 0.0515625 0.0375
10 0.525 0.01484375 0.0625 0.0296875
10 0.51328125 0.05 0.0609375 0.046875
10 0.7609375 0.92421875 0.0546875 0.0421875
10 0.7484375 0.975 0.065625 0.05
10 0.54375 0.96875 0.040625 0.0625
10 0.51484375 0.959375 0.0484375 0.08125
10 0.3953125 0.83125 0.046875 0.084375
10 0.35859375 0.8265625 0.0390625 0.0734375
10 0.284375 0.9046875 0.040625 0.0765625
10 0.25234375 0.8890625 0.05 0.0859375
10 0.26328125 0.7921875 0.0234375 0.04375
10 0.20859375 0.54296875 0.0328125 0.0265625
10 0.22890625 0.45390625 0.028125 0.0265625
13 0.7015625 0.91875 0.0625 0.1421875
13 0.22421875 0.74921875 0.0828125 0.1609375
7 0.15 0.7828125 0.0796875 0.10625
7 0.36171875 0.07109375 0.071875 0.0875
1 0.19140625 0.6171875 0.0546875 0.0421875
1 0.1796875 0.65703125 0.05625 0.0453125
5 0.62421875 0.8796875 0.1328125 0.1484375
5 0.453125 0.903125 0.1171875 0.171875
5 0.303125 0.84375 0.025 0.021875
5 0.30390625 0.8 0.0265625 0.040625
5 0.28359375 0.79453125 0.021875 0.0421875
5 0.22265625 0.48671875 0.03125 0.028125
5 0.21640625 0.5125 0.0265625 0.0265625
5 0.14296875 0.6078125 0.0265625 0.0265625
5 0.134375 0.62890625 0.021875 0.021875
5 0.12734375 0.665625 0.0203125 0.025
5 0.2140625 0.225 0.021875 0.040625
5 0.19296875 0.2171875 0.0203125 0.0359375
5 0.32109375 0.059375 0.0203125 0.0359375
5 0.4140625 0.2046875 0.0296875 0.0296875
5 0.7921875 0.2125 0.0203125 0.0390625
5 0.77421875 0.209375 0.0234375 0.0390625
5 0.7078125 0.19765625 0.01875 0.03125
5 0.6890625 0.190625 0.021875 0.034375
13 0.4296875 0.07578125 0.0953125 0.15