12 0.175 0.08203125 0.2640625 0.11875
12 0.47578125 0.08359375 0.246875 0.1140625
12 0.790625 0.15390625 0.28125 0.3078125
13 0.10078125 0.43125 0.075 0.084375
13 0.21171875 0.434375 0.0640625 0.078125
13 0.33046875 0.43046875 0.071875 0.0703125
13 0.45234375 0.43359375 0.0546875 0.075
13 0.56875 0.434375 0.071875 0.078125
13 0.675 0.428125 0.06875 0.0671875
13 0.79296875 0.42734375 0.075 0.071875
13 0.90703125 0.43203125 0.06875 0.071875
10 0.05234375 0.34375 0.05 0.034375
10 0.17421875 0.34609375 0.040625 0.0359375
10 0.290625 0.34296875 0.0328125 0.028125
10 0.409375 0.34140625 0.0359375 0.0328125
10 0.53203125 0.34296875 0.0359375 0.03125
10 0.65390625 0.34140625 0.040625 0.028125
10 0.77421875 0.340625 0.04375 0.0296875
10 0.89375 0.340625 0.046875 0.034375
10 0.17265625 0.50859375 0.075 0.0234375
10 0.171875 0.53515625 0.0734375 0.021875
10 0.16953125 0.559375 0.065625 0.015625
10 0.16796875 0.58046875 0.065625 0.0203125
10 0.165625 0.60625 0.06875 0.0125
10 0.928125 0.53515625 0.075 0.01875
10 0.73359375 0.51640625 0.05 0.028125
10 0.92265625 0.56015625 0.0625 0.0171875
10 0.91796875 0.58671875 0.0859375 0.0203125
10 0.81875 0.63671875 0.078125 0.01875
10 0.81875 0.68203125 0.071875 0.0171875
10 0.79296875 0.72890625 0.06875 0.01875
10 0.79609375 0.75234375 0.0828125 0.0203125
10 0.21328125 0.72734375 0.0796875 0.01875
10 0.21171875 0.77265625 0.075 0.0203125
10 0.30390625 0.94453125 0.0984375 0.028125
10 0.81484375 0.93046875 0.05625 0.040625
0 0.6875 0.93203125 0.1171875 0.05
0 0.50390625 0.61953125 0.453125 0.2046875
5 0.11171875 0.34140625 0.034375 0.040625
5 0.23359375 0.33984375 0.0359375 0.0359375
5 0.35390625 0.34140625 0.04375 0.0328125
5 0.475 0.33984375 0.05 0.028125
5 0.59453125 0.34140625 0.04375 0.0328125
5 0.71484375 0.33828125 0.046875 0.028125
5 0.83125 0.34375 0.04375 0.034375
5 0.95390625 0.33828125 0.04375 0.0296875
5 0.91640625 0.51015625 0.0671875 0.0234375
5 0.32578125 0.78203125 0.04375 0.04375
5 0.3875 0.78203125 0.0390625 0.040625
5 0.4375 0.78359375 0.0421875 0.034375
5 0.49609375 0.78046875 0.040625 0.03125
5 0.55390625 0.78046875 0.04375 0.0359375
5 0.60234375 0.78125 0.03125 0.040625
5 0.659375 0.78203125 0.0390625 0.0375
5 0.234375 0.853125 0.0625 0.021875
5 0.23828125 0.88046875 0.0625 0.01875
5 0.465625 0.88203125 0.078125 0.021875
5 0.6 0.88203125 0.075 0.021875
5 0.72890625 0.88125 0.078125 0.0234375
1 0.49609375 0.94296875 0.10625 0.03125