12 0.19125 0.4301745640625 0.18812500000000001 0.2244389015625 0.01125 0.22319202031250002 0.016875 0.44389027499999995 0.19125 0.4301745640625
12 0.17250000000000001 0.711970075 0.171875 0.5436408984375001 0.0675 0.559850375 0.07062500000000001 0.7456359109374999 0.17250000000000001 0.711970075
0 0.41953125 0.36328125 0.084375 0.16875
0 0.24609375 0.63828125 0.0875 0.1359375
12 0.55390625 0.559375 0.0625 0.0828125
2 0.20703125 0.4 0.0171875 0.053125
5 0.24921875 0.25546875 0.015625 0.021875
5 0.26640625 0.29609375 0.0234375 0.01875
5 0.265625 0.33203125 0.0234375 0.0171875
5 0.54375 0.31875 0.0234375 0.01875
11 0.33671875 0.49609375 0.0421875 0.16875
10 0.23359375 0.43984375 0.015625 0.040625
10 0.33515625 0.35625 0.0109375 0.0359375
10 0.35390625 0.35390625 0.0125 0.03125
1 0.503125 0.31953125 0.028125 0.0234375
7 0.221875 0.31171875 0.021875 0.046875
10 0.478125 0.415625 0.009375 0.0328125
10 0.30546875 0.45078125 0.0078125 0.040625
10 0.30625 0.521875 0.0078125 0.0515625