0 0.5127103484375 0.74978355 0.614393125 0.5073593078124999 0.51056211875 0.26839826875 0.41962047968749994 0.4779220765625 0.5127103484375 0.74978355
12 0.72890625 0.62265625 0.0421875 0.2125
12 0.06875 0.50078125 0.134375 0.4421875
12 0.80234375 0.58203125 0.1 0.128125
12 0.80546875 0.70546875 0.103125 0.109375
12 0.9421875 0.49609375 0.115625 0.3421875
6 0.76796875 0.35859375 0.134375 0.171875
11 0.346875 0.490625 0.08125 0.490625
0 0.24609375 0.48984375 0.0796875 0.353125
1 0.165625 0.628125 0.0359375 0.18125
1 0.16796875 0.35703125 0.0359375 0.175