13 0.15625 0.05 0.2046875 0.059375
13 0.1625 0.11875 0.1921875 0.0671875
13 0.43203125 0.04765625 0.2 0.0546875
13 0.440625 0.12421875 0.2171875 0.059375
13 0.66015625 0.08515625 0.15625 0.1234375
0 0.15078125 0.32578125 0.25 0.1578125
0 0.49140625 0.28359375 0.28125 0.09375
0 0.884375 0.33359375 0.2 0.1375
0 0.546875 0.57578125 0.3921875 0.2296875
10 0.57109375 0.18984375 0.1171875 0.0328125
10 0.90703125 0.22265625 0.115625 0.034375
10 0.2375 0.67734375 0.1046875 0.03125
10 0.40078125 0.37890625 0.103125 0.025
10 0.715625 0.38125 0.059375 0.0609375
10 0.54140625 0.88125 0.15 0.0625
1 0.73671875 0.884375 0.1109375 0.090625
5 0.725 0.23125 0.0515625 0.05625
5 0.33125 0.859375 0.109375 0.03125
5 0.56328125 0.37734375 0.1015625 0.025
5 0.81796875 0.76796875 0.05625 0.059375