4 0.3578125 0.52890625 0.4171875 0.4515625
4 0.51328125 0.746875 0.4125 0.340625
12 0.2515625 0.69375 0.39375 0.3171875
13 0.534375 0.3484375 0.0828125 0.08125
13 0.71328125 0.53671875 0.0609375 0.0515625
7 0.47265625 0.2671875 0.0640625 0.0703125
7 0.78671875 0.6 0.059375 0.0515625
5 0.78203125 0.521875 0.0578125 0.053125
5 0.5734375 0.30078125 0.053125 0.04375
5 0.6140625 0.28671875 0.046875 0.046875
12 0.86328125 0.4953125 0.1421875 0.1671875
12 0.71875 0.32734375 0.1796875 0.1984375
1 0.56328125 0.23359375 0.05 0.053125
0 0.65859375 0.4078125 0.1390625 0.125
0 0.7171875 0.4640625 0.140625 0.1234375