12 0.5 0.846875 1 0.296875
0 0.515625 0.534375 0.16875 0.103125
10 0.43984375 0.63359375 0.0375 0.0078125
10 0.7375 0.48671875 0.05625 0.0140625
10 0.73828125 0.44765625 0.05 0.0171875
10 0.36015625 0.48203125 0.03125 0.03125
10 0.478125 0.45 0.0375 0.0125
10 0.37421875 0.19765625 0.025 0.0265625
10 0.68515625 0.08203125 0.01875 0.025
10 0.32578125 0.07890625 0.0203125 0.0234375
5 0.35546875 0.57109375 0.0421875 0.0359375
5 0.32890625 0.52421875 0.0625 0.0203125
5 0.475 0.14296875 0.06875 0.0203125
5 0.5625 0.05234375 0.071875 0.0203125
1 0.44609375 0.05078125 0.0921875 0.025