15 0.48359375 0.4625 0.0859375 0.1109375
15 0.53671875 0.40859375 0.08125 0.08125
15 0.584375 0.365625 0.08125 0.071875
15 0.63984375 0.32578125 0.0703125 0.071875
15 0.69375 0.2875 0.071875 0.0796875
15 0.74296875 0.253125 0.0828125 0.0859375
15 0.79296875 0.21484375 0.075 0.084375
15 0.84296875 0.175 0.0859375 0.084375
15 0.89453125 0.14296875 0.0796875 0.0875
12 0.79140625 0.31953125 0.0421875 0.046875
1 0.428125 0.415625 0.025 0.025
1 0.47578125 0.38046875 0.025 0.0296875
1 0.52734375 0.33671875 0.0296875 0.028125
1 0.57421875 0.29765625 0.028125 0.03125
1 0.62734375 0.26171875 0.0203125 0.03125
1 0.67890625 0.22421875 0.028125 0.03125
1 0.73046875 0.19140625 0.0375 0.0359375
1 0.775 0.15546875 0.0359375 0.0375
1 0.82734375 0.12109375 0.03125 0.03125
6 0.3625 0.48515625 0.1171875 0.11875
12 0.38203125 0.340625 0.0734375 0.0734375
12 0.43359375 0.29921875 0.0609375 0.0671875
12 0.48671875 0.26484375 0.0625 0.078125
12 0.534375 0.22734375 0.0703125 0.071875
12 0.58515625 0.19296875 0.075 0.08125
12 0.64140625 0.15234375 0.0546875 0.090625
12 0.69453125 0.11875 0.0703125 0.0859375
12 0.73984375 0.078125 0.0671875 0.08125
12 0.78515625 0.04375 0.0796875 0.0875