0 0.51484375 0.49609375 0.5609375 0.571875
0 0.09453125 0.45234375 0.08125 0.090625
7 0.86328125 0.77578125 0.084375 0.084375
10 0.09140625 0.25546875 0.075 0.040625
10 0.090625 0.309375 0.075 0.053125
10 0.09453125 0.36328125 0.075 0.05
10 0.090625 0.53203125 0.0734375 0.046875
10 0.97265625 0.26953125 0.034375 0.084375
1 0.16015625 0.59140625 0.0609375 0.034375
1 0.15859375 0.62890625 0.0609375 0.03125
1 0.15703125 0.67109375 0.0671875 0.028125
0 0.87734375 0.28515625 0.096875 0.0875
0 0.90390625 0.484375 0.1625 0.1609375
5 0.87265625 0.67109375 0.109375 0.0515625
5 0.06953125 0.62421875 0.075 0.1015625