1 0.2765625 0.29296875 0.14375 0.071875
1 0.79765625 0.38984375 0.1140625 0.075
0 0.49453125 0.58046875 0.2625 0.2453125
5 0.26796875 0.3921875 0.1046875 0.071875
5 0.78828125 0.48828125 0.1078125 0.065625
5 0.25703125 0.46953125 0.1140625 0.075
5 0.7625 0.559375 0.1015625 0.0703125
5 0.24921875 0.54765625 0.128125 0.0703125
5 0.7640625 0.63984375 0.090625 0.0609375
5 0.396875 0.8265625 0.125 0.0578125
10 0.234375 0.6265625 0.10625 0.071875
10 0.740625 0.71328125 0.1109375 0.084375
10 0.72109375 0.790625 0.1125 0.0765625
10 0.23125 0.70390625 0.09375 0.0546875