4 0.46328125 0.34609375 0.3140625 0.26875
4 0.45625 0.62109375 0.3125 0.2546875
12 0.2375 0.48984375 0.13125 0.4796875
13 0.659375 0.346875 0.0421875 0.0875
13 0.659375 0.6375 0.0390625 0.09375
12 0.86640625 0.60859375 0.0625 0.13125
12 0.85546875 0.378125 0.046875 0.16875
1 0.76640625 0.24296875 0.025 0.05625
1 0.771875 0.74375 0.0359375 0.059375
5 0.721875 0.6625 0.028125 0.065625
5 0.76953125 0.66171875 0.0359375 0.065625
5 0.71640625 0.32421875 0.028125 0.0625
5 0.76640625 0.32109375 0.028125 0.065625
7 0.66640625 0.24140625 0.0515625 0.05
0 0.74375 0.44609375 0.125 0.075
0 0.74609375 0.53359375 0.134375 0.090625
7 0.66640625 0.73984375 0.059375 0.065625