6 0.33515625 0.16484375 0.1125 0.1625
6 0.47578125 0.16484375 0.1125 0.1390625
6 0.625 0.16328125 0.115625 0.1296875
6 0.771875 0.16796875 0.096875 0.125
6 0.32265625 0.378125 0.10625 0.134375
6 0.48125 0.37421875 0.1 0.14375
6 0.61796875 0.36953125 0.1015625 0.1421875
6 0.77890625 0.38125 0.096875 0.1375
6 0.33203125 0.58125 0.0875 0.11875
6 0.47890625 0.5875 0.1046875 0.128125
6 0.625 0.57890625 0.1125 0.13125
6 0.77265625 0.57734375 0.0859375 0.1296875
6 0.33515625 0.78203125 0.0921875 0.1375
6 0.47734375 0.79140625 0.0984375 0.140625
6 0.625 0.78984375 0.096875 0.125
6 0.77109375 0.78984375 0.1 0.128125
12 0.16171875 0.49765625 0.05 0.425