10 0.21328125 0.67734375 0.1421875 0.375
10 0.21640625 0.20546875 0.153125 0.4015625
10 0.73984375 0.47265625 0.1015625 0.0765625
10 0.94375 0.4484375 0.1078125 0.0890625
3 0.90703125 0.178125 0.1859375 0.315625
2 0.47109375 0.60546875 0.3671875 0.71875
5 0.33125 0.12109375 0.053125 0.2
5 0.41015625 0.125 0.053125 0.184375
5 0.5 0.12265625 0.059375 0.1921875
5 0.58203125 0.134375 0.0484375 0.175
5 0.66875 0.1296875 0.0546875 0.2046875
5 0.75078125 0.1453125 0.0640625 0.1890625
5 0.73046875 0.35 0.0953125 0.103125
5 0.740625 0.8953125 0.1 0.109375
5 0.9359375 0.88515625 0.09375 0.1078125
5 0.940625 0.7484375 0.0859375 0.1109375
5 0.9421875 0.596875 0.0890625 0.1078125
0 0.746875 0.6703125 0.1484375 0.2953125