0 0.5137682781249999 0.276164578125 0.3811163984375 0.506646146875 0.380568065625 0.5111119546875 0.456409925 0.7701387796875 0.45694103437500005 0.7702039921875 0.5804336265625001 0.5089912453125 0.581753834375 0.4982390203125 0.5137682781249999 0.276164578125
12 0.2453125 0.61171875 0.0703125 0.221875
12 0.92109375 0.5671875 0.1578125 0.46875
12 0.175 0.5609375 0.11875 0.1421875
12 0.15703125 0.68671875 0.1171875 0.1234375
12 0.06171875 0.45625 0.1234375 0.3625
6 0.2390625 0.3359375 0.159375 0.190625
11 0.6546875 0.52421875 0.1453125 0.5125
0 0.75859375 0.53671875 0.125 0.3734375
1 0.8234375 0.68828125 0.059375 0.190625
1 0.8546875 0.41015625 0.0578125 0.184375