0 0.49140625 0.48671875 0.13125 0.15
3 0.63125 0.46171875 0.1 0.134375
12 0.78203125 0.49609375 0.1234375 0.15
7 0.321875 0.46953125 0.04375 0.04375
1 0.31171875 0.53515625 0.025 0.05
5 0.34140625 0.53203125 0.01875 0.065625
5 0.371875 0.53125 0.021875 0.05
5 0.403125 0.53046875 0.015625 0.059375
5 0.38984375 0.59921875 0.05 0.03125
5 0.45625 0.60234375 0.05 0.03125
5 0.52421875 0.60234375 0.0546875 0.03125
5 0.36640625 0.45546875 0.015625 0.0609375
10 0.4 0.44921875 0.021875 0.05
12 0.22578125 0.47890625 0.13125 0.1109375