4 0.2140625 0.6484375 0.3703125 0.3375
4 0.678125 0.69765625 0.3734375 0.36875
10 0.45390625 0.56796875 0.140625 0.1640625
12 0.12578125 0.8859375 0.2359375 0.1765625
12 0.42109375 0.90390625 0.2078125 0.1921875
12 0.73125 0.92265625 0.225 0.1546875
1 0.90859375 0.73046875 0.0703125 0.0953125
1 0.01953125 0.634375 0.0390625 0.084375
14 0.29453125 0.29609375 0.41875 0.3046875
14 0.690625 0.32421875 0.415625 0.328125
6 0.23125 0.0625 0.140625 0.125
6 0.41796875 0.07734375 0.125 0.1328125
6 0.62421875 0.0875 0.140625 0.134375
6 0.81953125 0.11015625 0.1359375 0.1359375