4 0.4765625 0.16328125 0.2828125 0.25
12 0.6890625 0.3109375 0.3265625 0.225
14 0.5452481062500001 0.6030872656249999 0.2532164125 0.4135283390625 0.2524603453125 0.4134887140625 0.1241547359375 0.5361640828125 0.12386979375 0.54160108125 0.41429772500000006 0.748980909375 0.41589531874999996 0.7490646359375 0.5452481062500001 0.6030872656249999
6 0.35546875 0.36796875 0.1171875 0.1140625
6 0.4703125 0.44921875 0.1109375 0.1125
6 0.60546875 0.540625 0.1390625 0.1140625
13 0.53671875 0.40390625 0.071875 0.0796875
13 0.634375 0.47421875 0.078125 0.0625
10 0.80625 0.53515625 0.065625 0.06875
10 0.2421875 0.3203125 0.0609375 0.04375
10 0.27109375 0.29453125 0.0421875 0.028125
5 0.28515625 0.2796875 0.046875 0.0296875
5 0.3171875 0.25625 0.0453125 0.0375
5 0.70625 0.54296875 0.0421875 0.046875
5 0.5625 0.66328125 0.046875 0.0546875
0 0.759375 0.5921875 0.1140625 0.109375
0 0.209375 0.378125 0.1203125 0.1
12 0.64453125 0.67421875 0.1421875 0.1734375
1 0.50078125 0.7359375 0.0578125 0.06875