10 0.77109375 0.70703125 0.1578125 0.3875
10 0.8015625 0.22578125 0.171875 0.415625
10 0.2484375 0.4609375 0.1046875 0.08125
10 0.05 0.42421875 0.0984375 0.09375
3 0.1046875 0.1578125 0.190625 0.315625
2 0.5125 0.615625 0.4 0.7484375
5 0.68984375 0.13203125 0.0640625 0.20625
5 0.609375 0.13046875 0.0609375 0.190625
5 0.5171875 0.12109375 0.0671875 0.196875
5 0.43359375 0.12734375 0.05625 0.18125
5 0.34453125 0.11640625 0.0640625 0.209375
5 0.2609375 0.12578125 0.0703125 0.19375
5 0.26640625 0.33671875 0.1015625 0.109375
5 0.21640625 0.89296875 0.10625 0.115625
5 0.034375 0.86875 0.06875 0.1125
5 0.03515625 0.728125 0.0703125 0.115625
5 0.04140625 0.57421875 0.0828125 0.1140625
0 0.22734375 0.66171875 0.1625 0.30625