1 0.23359375 0.1375 0.19375 0.190625
1 0.42734375 0.14296875 0.1953125 0.175
1 0.696875 0.03671875 0.0515625 0.0484375
1 0.77421875 0.03359375 0.05625 0.0484375
1 0.69453125 0.103125 0.046875 0.05625
1 0.77578125 0.103125 0.05625 0.05625
1 0.696875 0.175 0.05 0.0484375
1 0.77578125 0.18046875 0.04375 0.0484375
1 0.69921875 0.24765625 0.04375 0.0421875
1 0.77578125 0.25 0.059375 0.05
6 0.07265625 0.46171875 0.0859375 0.103125
11 0.56796875 0.596875 0.04375 0.1328125
9 0.72890625 0.41953125 0.175 0.134375
0 0.28984375 0.78671875 0.109375 0.0828125
0 0.475 0.78125 0.11875 0.1171875
0 0.70234375 0.78046875 0.121875 0.1140625
0 0.69296875 0.5625 0.15625 0.096875
7 0.046875 0.28671875 0.040625 0.04375
7 0.09375 0.28671875 0.0359375 0.046875
7 0.13984375 0.28203125 0.040625 0.0421875
7 0.18828125 0.28515625 0.03125 0.034375
10 0.059375 0.353125 0.01875 0.0296875
10 0.18984375 0.42734375 0.0234375 0.0359375
10 0.21328125 0.47890625 0.0234375 0.0359375
10 0.26015625 0.690625 0.015625 0.0375
10 0.215625 0.76953125 0.0125 0.0296875
10 0.36875 0.76875 0.0125 0.0359375
10 0.58359375 0.77578125 0.015625 0.040625
10 0.52265625 0.65859375 0.0125 0.040625
10 0.61328125 0.66640625 0.021875 0.034375
5 0.08359375 0.35234375 0.0171875 0.0359375
5 0.115625 0.35703125 0.015625 0.0328125
5 0.14296875 0.35703125 0.015625 0.0359375
5 0.17265625 0.35859375 0.0171875 0.0359375
5 0.20078125 0.359375 0.021875 0.0359375
5 0.35390625 0.67578125 0.0296875 0.0234375
5 0.27734375 0.88671875 0.015625 0.034375
5 0.50859375 0.89375 0.01875 0.0375
5 0.590625 0.8875 0.0125 0.03125
5 0.62421875 0.89375 0.0125 0.03125
5 0.65234375 0.89140625 0.01875 0.034375
5 0.68203125 0.890625 0.01875 0.0375
5 0.71484375 0.89375 0.01875 0.0375
5 0.75390625 0.89296875 0.021875 0.03125
5 0.59140625 0.30546875 0.0109375 0.034375
5 0.61875 0.30078125 0.0125 0.0359375
5 0.64140625 0.30390625 0.015625 0.0296875
5 0.665625 0.30078125 0.0125 0.0296875
5 0.68671875 0.30234375 0.0125 0.028125
5 0.71328125 0.303125 0.0171875 0.0328125
5 0.734375 0.30078125 0.0125 0.0296875
5 0.75390625 0.3 0.01875 0.034375
5 0.78125 0.30078125 0.01875 0.028125
0 0.37734375 0.521875 0.2171875 0.2234375