12 0.51328125 0.90703125 0.4140625 0.1859375
0 0.49375 0.44609375 0.2484375 0.1671875
0 0.51171875 0.72109375 0.1390625 0.103125
10 0.74609375 0.090625 0.1984375 0.090625
5 0.48203125 0.1125 0.109375 0.0421875
5 0.221875 0.12421875 0.13125 0.0546875
5 0.5265625 0.265625 0.0625 0.075
5 0.4359375 0.26875 0.05625 0.0703125
5 0.275 0.50625 0.040625 0.053125
5 0.1984375 0.51015625 0.05 0.05625
5 0.27265625 0.4140625 0.0421875 0.059375
5 0.19921875 0.41171875 0.0546875 0.059375
1 0.21796875 0.225 0.1171875 0.05
1 0.75 0.20078125 0.128125 0.053125
1 0.12421875 0.990625 0.1140625 0.01875
1 0.9328125 0.9609375 0.1265625 0.040625
5 0.92890625 0.87109375 0.078125 0.03125
5 0.6578125 0.72890625 0.0625 0.06875
2 0.375 0.74140625 0.071875 0.065625
10 0.26484375 0.7515625 0.0703125 0.0625
10 0.80859375 0.4765625 0.046875 0.053125
10 0.71796875 0.4828125 0.053125 0.0546875
10 0.7984375 0.38203125 0.0421875 0.0625
10 0.715625 0.3859375 0.0484375 0.053125
5 0.11328125 0.9171875 0.078125 0.0265625