4 0.42265625 0.259375 0.3546875 0.23125
4 0.43359375 0.575 0.3734375 0.35625
12 0.175 0.49296875 0.1359375 0.5546875
12 0.86640625 0.378125 0.075 0.2109375
12 0.90625 0.58359375 0.0875 0.1375
1 0.75859375 0.27890625 0.034375 0.0640625
7 0.64140625 0.275 0.059375 0.0671875
13 0.64609375 0.371875 0.040625 0.0734375
13 0.671875 0.65703125 0.04375 0.078125
7 0.690625 0.76875 0.059375 0.0703125
5 0.796875 0.684375 0.0359375 0.0671875
5 0.74140625 0.68671875 0.03125 0.059375
1 0.80703125 0.775 0.0359375 0.0734375
5 0.76484375 0.34609375 0.0390625 0.0625
5 0.703125 0.35234375 0.0359375 0.0734375
0 0.74765625 0.44375 0.134375 0.0796875
0 0.759375 0.53359375 0.1484375 0.1125