11 0.2875 0.25234375 0.478125 0.125
0 0.34453125 0.090625 0.296875 0.13125
0 0.39375 0.57890625 0.4546875 0.309375
12 0.75078125 0.36875 0.2171875 0.071875
12 0.76796875 0.10859375 0.2546875 0.1875
10 0.09140625 0.14296875 0.103125 0.046875
10 0.22265625 0.36328125 0.1125 0.0375
10 0.44375 0.36640625 0.109375 0.046875
10 0.72109375 0.73671875 0.09375 0.0484375
5 0.08046875 0.040625 0.121875 0.0375
5 0.81875 0.26484375 0.0625 0.084375
5 0.71875 0.56953125 0.096875 0.0390625
5 0.73046875 0.62421875 0.075 0.0359375
5 0.72109375 0.68046875 0.09375 0.034375
5 0.55078125 0.87890625 0.05625 0.0796875
5 0.28671875 0.87890625 0.140625 0.0484375
1 0.72734375 0.87734375 0.140625 0.0875