3 0.12265625 0.18515625 0.196875 0.28125
2 0.54140625 0.60234375 0.34375 0.69375
0 0.27734375 0.64921875 0.15625 0.265625
5 0.08671875 0.578125 0.090625 0.0796875
5 0.090625 0.71484375 0.084375 0.09375
5 0.08515625 0.84921875 0.090625 0.084375
5 0.29375 0.34609375 0.090625 0.0875
5 0.27734375 0.14453125 0.05 0.1546875
5 0.35625 0.15703125 0.0546875 0.16875
5 0.4375 0.146875 0.05 0.1625
5 0.51640625 0.146875 0.0546875 0.159375
5 0.603125 0.14375 0.0515625 0.175
5 0.684375 0.15 0.05625 0.175
10 0.78984375 0.21015625 0.140625 0.334375
10 0.78359375 0.68984375 0.125 0.3921875
5 0.28984375 0.86015625 0.1046875 0.09375
10 0.29375 0.459375 0.0859375 0.078125
10 0.08828125 0.43671875 0.090625 0.0921875