12 0.725 0.06796875 0.10625 0.1359375
12 0.6109375 0.07265625 0.1 0.1453125
12 0.50625 0.06953125 0.10625 0.1390625
12 0.38828125 0.078125 0.1078125 0.1515625
12 0.27890625 0.0796875 0.0953125 0.146875
0 0.65625 0.45390625 0.2328125 0.2390625
0 0.3609375 0.371875 0.128125 0.1078125
10 0.503125 0.3015625 0.034375 0.0390625
10 0.4640625 0.3015625 0.0265625 0.0421875
10 0.51796875 0.45078125 0.025 0.046875
10 0.3875 0.47265625 0.053125 0.0296875
10 0.38984375 0.5109375 0.0578125 0.03125
5 0.2359375 0.3125 0.059375 0.0234375
5 0.4046875 0.61484375 0.103125 0.0578125
5 0.40859375 0.71484375 0.103125 0.0640625
5 0.734375 0.70390625 0.103125 0.0515625
5 0.61875 0.9015625 0.0859375 0.0546875
1 0.4453125 0.90546875 0.1203125 0.0546875
5 0.2953125 0.8546875 0.0578125 0.0328125
5 0.29453125 0.91328125 0.05 0.0265625
5 0.2703125 0.3625 0.0421875 0.0484375
5 0.221875 0.36484375 0.0359375 0.05
5 0.80703125 0.3515625 0.025 0.0515625
5 0.8015625 0.4359375 0.0265625 0.04375
5 0.8078125 0.53515625 0.0234375 0.04375