12 0.55859375 0.86875 0.5390625 0.2625
6 0.623837025 0.39248757031250003 0.61009321875 0.3145425703125 0.3466566109375 0.35568533593749996 0.294430096875 0.3648942796875 0.30291124375 0.44728426875 0.3846436890625 0.43466380937500004 0.623837025 0.39248757031250003
11 0.7769746765625001 0.48011812656249997 0.8196738046875 0.450357909375 0.8195364843749999 0.4495791265625 0.6894049109375 0.4221778890625 0.6796329078125 0.4239009578125 0.6364650203125 0.45369578749999995 0.75301711875 0.47846731406250004 0.7769746765625001 0.48011812656249997
1 0.6522538499999999 0.1949063453125 0.6498417703125 0.171046575 0.6454135046875 0.14593263125 0.578187578125 0.15778637499999998 0.5882422109375 0.206212075 0.6522538499999999 0.1949063453125
1 0.5230314500000001 0.2200195765625 0.5207920796875001 0.1860099609375 0.5176962484375001 0.16845262968750002 0.45388910156250006 0.17970355 0.4654741859375 0.23046930625 0.5230314500000001 0.2200195765625
1 0.38993601093749997 0.2405388109375 0.3816782859375 0.188887365625 0.3814712078125 0.1877129671875 0.3264350234375 0.19741733125 0.3369751265625 0.2500061515625 0.38993601093749997 0.2405388109375
1 0.26516864687499997 0.26102109218749997 0.264175415625 0.21534754843749998 0.26325785 0.210143775 0.20660950625000002 0.22013240781249999 0.21529756875 0.26825013750000004 0.26516864687499997 0.26102109218749997
5 0.25859375 0.3109375 0.0640625 0.0625
5 0.37109375 0.29453125 0.053125 0.0515625
5 0.503125 0.2703125 0.0609375 0.0484375
5 0.621875 0.2453125 0.065625 0.05
0 0.529383265625 0.7223356765625 0.8249477234375 0.5342562578125001 0.8248386625 0.533637746875 0.5306581484375 0.4739682875 0.49373519843749997 0.48047880000000004 0.2007936515625 0.665718803125 0.20083096875 0.66593044375 0.529383265625 0.7223356765625