11 0.709375 0.75546875 0.4921875 0.14375
0 0.6453125 0.9171875 0.30625 0.14375
0 0.61328125 0.41953125 0.471875 0.328125
12 0.2421875 0.6203125 0.221875 0.08125
12 0.21640625 0.884375 0.265625 0.2
10 0.9046875 0.8734375 0.1046875 0.05
10 0.77890625 0.64453125 0.115625 0.0421875
10 0.5546875 0.63359375 0.1109375 0.05
10 0.2859375 0.24765625 0.096875 0.0515625
5 0.9125 0.978125 0.125 0.04375
5 0.1703125 0.7234375 0.065625 0.0859375
5 0.2828125 0.4171875 0.0984375 0.04375
5 0.27265625 0.36171875 0.078125 0.0390625
5 0.284375 0.3046875 0.096875 0.0375
5 0.46328125 0.10859375 0.059375 0.08125
5 0.7328125 0.11796875 0.14375 0.053125
1 0.284375 0.1046875 0.146875 0.0921875