6 0.4609375 0.10703125 0.109375 0.0796875
1 0.52890625 0.2515625 0.0515625 0.065625
1 0.4765625 0.2578125 0.05 0.059375
1 0.42109375 0.259375 0.0515625 0.0609375
11 0.54296875 0.47734375 0.0484375 0.040625
11 0.4515625 0.48359375 0.046875 0.0390625
2 0.53046875 0.359375 0.0328125 0.021875
10 0.48359375 0.36328125 0.0296875 0.0203125
10 0.44140625 0.3671875 0.0390625 0.021875
10 0.53828125 0.3953125 0.0265625 0.015625
10 0.4890625 0.4 0.028125 0.0171875
10 0.44375 0.40234375 0.03125 0.01875
10 0.53828125 0.4296875 0.0328125 0.0203125
10 0.4921875 0.434375 0.03125 0.0203125
10 0.44765625 0.440625 0.0265625 0.015625
10 0.4953125 0.47109375 0.025 0.015625
2 0.490625 0.69453125 0.0609375 0.03125
5 0.57421875 0.68671875 0.0109375 0.0171875
5 0.55625 0.6890625 0.0125 0.0171875
5 0.53984375 0.68984375 0.0109375 0.0171875
5 0.4578125 0.65703125 0.0171875 0.0265625
10 0.48671875 0.65625 0.0234375 0.0296875
12 0.5234375 0.7921875 0.1328125 0.0953125