12 0.584375 0.26484375 0.83125 0.5296875
5 0.15546875 0.00625 0.1015625 0.0125
5 0.98828125 0.3921875 0.0234375 0.04375
5 0.98515625 0.4375 0.0296875 0.040625
5 0.97109375 0.52578125 0.0578125 0.0421875
5 0.09609375 0.2734375 0.1171875 0.0609375
5 0.08203125 0.3203125 0.109375 0.053125
5 0.79921875 0.56171875 0.059375 0.0640625
5 0.5984375 0.93125 0.0640625 0.0703125
5 0.515625 0.9109375 0.1 0.08125
5 0.425 0.8890625 0.0625 0.059375
5 0.3421875 0.8703125 0.075 0.0671875
5 0.0859375 0.80859375 0.0734375 0.06875
1 0.2234375 0.840625 0.1734375 0.121875
10 0.7375 0.95234375 0.209375 0.0953125
10 0.984375 0.48125 0.03125 0.046875
10 0.88515625 0.58125 0.0734375 0.071875
10 0.7140625 0.5421875 0.0671875 0.0734375
10 0.63515625 0.52578125 0.0859375 0.084375
10 0.2609375 0.43515625 0.08125 0.0671875
10 0.1765625 0.415625 0.0796875 0.0734375
10 0.1015625 0.22734375 0.10625 0.0546875
11 0.4453125 0.4828125 0.2984375 0.153125
0 0.4921875 0.6984375 0.8421875 0.4109375
2 0.134375 0.10546875 0.0984375 0.1125