2 0.90390625 0.30390625 0.153125 0.303125
10 0.62734375 0.65546875 0.1484375 0.203125
10 0.2125 0.67265625 0.1484375 0.2234375
10 0.06328125 0.3125 0.10625 0.178125
10 0.21328125 0.18125 0.121875 0.19375
10 0.35859375 0.18203125 0.115625 0.2
10 0.59609375 0.240625 0.121875 0.175
10 0.74296875 0.09921875 0.1171875 0.184375
10 0.47421875 0.378125 0.11875 0.18125
10 0.38515625 0.028125 0.0546875 0.0484375
10 0.62265625 0.115625 0.0546875 0.053125
10 0.78984375 0.31796875 0.034375 0.090625
10 0.728125 0.321875 0.04375 0.046875
10 0.94765625 0.55 0.0375 0.1015625
10 0.86875 0.55 0.090625 0.0671875
10 0.76953125 0.871875 0.065625 0.1359375
10 0.50234375 0.790625 0.05625 0.1421875
10 0.36953125 0.69296875 0.05 0.13125
10 0.315625 0.41328125 0.034375 0.078125
10 0.24296875 0.321875 0.0609375 0.053125
10 0.05 0.45234375 0.0734375 0.0484375
10 0.0625 0.83984375 0.059375 0.128125
10 0.18828125 0.82734375 0.053125 0.0484375
10 0.3375 0.90078125 0.0546875 0.1421875
10 0.66171875 0.815625 0.059375 0.0546875
10 0.45625 0.51953125 0.065625 0.053125
5 0.84921875 0.10078125 0.03125 0.0875
5 0.62734375 0.04609375 0.059375 0.0375
5 0.46015625 0.11015625 0.025 0.0859375
5 0.51015625 0.11640625 0.03125 0.0875
5 0.56171875 0.07890625 0.0234375 0.0875
5 0.07578125 0.07421875 0.03125 0.0796875
5 0.12421875 0.15390625 0.025 0.0625
5 0.05390625 0.18828125 0.046875 0.040625
5 0.36171875 0.39453125 0.01875 0.071875
5 0.36953125 0.5375 0.021875 0.078125
5 0.31875 0.53671875 0.0234375 0.0625
5 0.503125 0.66875 0.053125 0.046875
5 0.73203125 0.240625 0.05625 0.053125
5 0.7375 0.51171875 0.025 0.0734375
5 0.790625 0.50625 0.028125 0.06875
5 0.89609375 0.671875 0.0296875 0.084375
5 0.83671875 0.66796875 0.03125 0.0609375
5 0.77734375 0.66796875 0.034375 0.0734375
5 0.89296875 0.83828125 0.021875 0.0671875
5 0.98125 0.80390625 0.028125 0.0828125
5 0.425 0.85234375 0.034375 0.075
5 0.428125 0.95859375 0.04375 0.0359375
5 0.090625 0.68125 0.046875 0.0546875
5 0.240625 0.9375 0.05 0.053125
5 0.70078125 0.96640625 0.046875 0.04375
5 0.85859375 0.95859375 0.05 0.05625
5 0.47734375 0.2375 0.05 0.059375
7 0.95625 0.92109375 0.0484375 0.103125
7 0.61171875 0.91875 0.0484375 0.1109375
7 0.14296875 0.91640625 0.05 0.1046875
7 0.50390625 0.91640625 0.046875 0.1
0 0.63203125 0.44375 0.109375 0.165625