12 0.55078125 0.91015625 0.3828125 0.1796875
13 0.86328125 0.78046875 0.140625 0.16875
7 0.1921875 0.959375 0.11875 0.08125
7 0.63828125 0.70625 0.13125 0.0796875
7 0.421875 0.7328125 0.15 0.08125
0 0.49140625 0.5359375 0.228125 0.171875
0 0.46484375 0.3109375 0.1390625 0.0890625
1 0.240625 0.140625 0.1546875 0.0703125
5 0.55078125 0.0984375 0.1328125 0.0578125
5 0.5671875 0.19375 0.0546875 0.0625
5 0.34375 0.221875 0.059375 0.06875
5 0.1828125 0.859375 0.13125 0.046875
5 0.1734375 0.79609375 0.0890625 0.0390625
5 0.68515625 0.4453125 0.084375 0.0359375
5 0.703125 0.578125 0.0875 0.0390625
10 0.6515625 0.79140625 0.103125 0.0453125
10 0.42890625 0.828125 0.103125 0.05625
10 0.85078125 0.6671875 0.1125 0.0609375
10 0.66328125 0.51171875 0.0578125 0.05625
10 0.478125 0.415625 0.1234375 0.053125
10 0.5859375 0.29765625 0.0671875 0.065625
10 0.35859375 0.33046875 0.0609375 0.059375
10 0.50078125 0.6546875 0.0953125 0.0375