6 0.2625 0.496875 0.1546875 0.1625
6 0.46796875 0.5 0.16875 0.146875
6 0.68046875 0.49296875 0.15625 0.1375
14 0.48984375 0.77734375 0.4671875 0.2421875
1 0.21484375 0.77578125 0.0375 0.084375
7 0.878125 0.253125 0.059375 0.078125
13 0.31015625 0.3375 0.1125 0.0671875
13 0.47421875 0.33671875 0.1421875 0.0703125
4 0.696875 0.18828125 0.2515625 0.371875
12 0.36171875 0.12109375 0.4109375 0.2
0 0.103125 0.38046875 0.121875 0.146875
10 0.11640625 0.51328125 0.046875 0.0296875
10 0.09296875 0.26015625 0.046875 0.0328125
10 0.87578125 0.421875 0.04375 0.028125
10 0.87734375 0.46875 0.0375 0.034375
5 0.790625 0.81875 0.025 0.059375
5 0.875 0.31484375 0.04375 0.0296875
5 0.88046875 0.36953125 0.04375 0.025
5 0.21171875 0.64296875 0.0296875 0.075
5 0.19921875 0.35703125 0.03125 0.078125
0 0.85703125 0.59609375 0.13125 0.1625