12 0.321875 0.07265625 0.346875 0.1453125
12 0.66015625 0.07421875 0.3375 0.140625
7 0.37265625 0.26015625 0.1125 0.0796875
7 0.609375 0.26015625 0.125 0.075
7 0.290625 0.91015625 0.10625 0.065625
0 0.48984375 0.91015625 0.14375 0.0796875
0 0.48671875 0.48828125 0.153125 0.0875
1 0.690625 0.88359375 0.1015625 0.040625
5 0.690625 0.925 0.1015625 0.0359375
5 0.44921875 0.76328125 0.10625 0.040625
5 0.45 0.634375 0.109375 0.040625
5 0.26953125 0.859375 0.0609375 0.021875
5 0.396875 0.859375 0.053125 0.0234375
5 0.72578125 0.65859375 0.0390625 0.03125
5 0.37890625 0.38671875 0.046875 0.05625
5 0.44375 0.38515625 0.053125 0.05625
5 0.528125 0.38671875 0.0421875 0.053125
5 0.59296875 0.38359375 0.0359375 0.053125
10 0.35078125 0.459375 0.0421875 0.01875
10 0.35 0.484375 0.0390625 0.01875
10 0.52578125 0.85859375 0.046875 0.0125