12 0.3125 0.05859375 0.346875 0.1171875
12 0.75390625 0.05625 0.246875 0.103125
12 0.096875 0.24453125 0.1875 0.1796875
12 0.909375 0.25390625 0.18125 0.103125
0 0.50234375 0.38671875 0.4234375 0.16875
5 0.378125 0.93828125 0.0921875 0.028125
5 0.46484375 0.84453125 0.090625 0.028125
5 0.50546875 0.66875 0.090625 0.025
5 0.45625 0.59921875 0.01875 0.0234375
5 0.55078125 0.6 0.0234375 0.0171875
5 0.61796875 0.52578125 0.0203125 0.0171875
5 0.6875 0.52734375 0.021875 0.0171875
1 0.5 0.56328125 0.08125 0.0203125
1 0.609375 0.93984375 0.090625 0.028125
5 0.359375 0.16015625 0.021875 0.0171875
5 0.396875 0.16171875 0.021875 0.01875
5 0.603125 0.16015625 0.01875 0.01875
5 0.63828125 0.16015625 0.0234375 0.021875
5 0.340625 0.25078125 0.0296875 0.021875
5 0.40546875 0.24765625 0.021875 0.0171875
10 0.49140625 0.23984375 0.0484375 0.0171875
10 0.490625 0.25859375 0.0484375 0.0125
10 0.49140625 0.278125 0.04375 0.0109375
10 0.37734375 0.27578125 0.0484375 0.009375
10 0.384375 0.49921875 0.040625 0.0109375
10 0.46796875 0.49921875 0.053125 0.0109375
10 0.38671875 0.51640625 0.05 0.015625