0 0.5078125 0.628125 0.371875 0.1875
0 0.49609375 0.371875 0.3671875 0.18125
0 0.6953125 0.8703125 0.1046875 0.1140625
12 0.9421875 0.50546875 0.115625 0.1078125
12 0.053125 0.53984375 0.10625 0.1171875
7 0.23359375 0.80625 0.0515625 0.0515625
13 0.46640625 0.784375 0.0890625 0.0453125
13 0.771875 0.58515625 0.0875 0.0609375
10 0.3578125 0.13203125 0.0828125 0.0546875
5 0.59765625 0.946875 0.065625 0.03125
5 0.59140625 0.84375 0.0546875 0.040625
5 0.340625 0.7890625 0.0578125 0.03125
5 0.5859375 0.76640625 0.0515625 0.025
5 0.79375 0.83984375 0.0625 0.0375
5 0.7921875 0.76015625 0.0546875 0.0375
5 0.778125 0.51640625 0.0546875 0.028125
5 0.771875 0.43515625 0.0578125 0.0359375
5 0.76796875 0.2875 0.059375 0.03125
5 0.36171875 0.20234375 0.075 0.04375
5 0.35078125 0.04921875 0.0703125 0.040625
12 0.40078125 0.94453125 0.2265625 0.1109375
3 0.66796875 0.1375 0.25 0.221875
10 0.1796875 0.53984375 0.178125 0.2046875
10 0.28125 0.51953125 0.0421875 0.0671875
10 0.79609375 0.68515625 0.115625 0.115625