12 0.88125 0.30390625 0.225 0.2375
12 0.11484375 0.671875 0.203125 0.1734375
3 0.66875 0.35859375 0.171875 0.1546875
0 0.48984375 0.46015625 0.2125 0.2046875
5 0.5875 0.58203125 0.0546875 0.0546875
5 0.49765625 0.63515625 0.0546875 0.059375
5 0.41484375 0.68125 0.05625 0.0515625
5 0.38515625 0.59453125 0.0484375 0.0671875
5 0.34296875 0.615625 0.046875 0.05625
5 0.30546875 0.64453125 0.0390625 0.065625
5 0.28515625 0.52890625 0.0546875 0.0625
10 0.33203125 0.50546875 0.0546875 0.059375
7 0.22578125 0.58515625 0.06875 0.0625
1 0.259375 0.66328125 0.0484375 0.0703125