4 0.28203125 0.515625 0.36875 0.696875
12 0.07109375 0.521875 0.1421875 0.665625
12 0.86875 0.4828125 0.2625 0.55625
7 0.46015625 0.24609375 0.0640625 0.15
13 0.490625 0.69765625 0.04375 0.1890625
13 0.6921875 0.4015625 0.0640625 0.06875
13 0.7046875 0.5703125 0.0703125 0.084375
10 0.6734375 0.1375 0.071875 0.09375
10 0.6859375 0.2359375 0.059375 0.071875
1 0.52578125 0.50625 0.0375 0.1703125
1 0.725 0.8375 0.053125 0.0671875
5 0.509375 0.26328125 0.034375 0.1484375
5 0.54375 0.75859375 0.0375 0.1640625
5 0.6265625 0.84140625 0.05625 0.0703125
5 0.71328125 0.66484375 0.0515625 0.071875
5 0.71953125 0.74921875 0.040625 0.05625
5 0.68828125 0.31875 0.05625 0.0796875
5 0.703125 0.48359375 0.046875 0.071875
0 0.60234375 0.51328125 0.1140625 0.3078125