9 0.47578125 0.5515625 0.284375 0.259375
1 0.59375 0.95859375 0.13125 0.0828125
1 0.55390625 0.846875 0.1453125 0.11875
1 0.51796875 0.71796875 0.1296875 0.121875
1 0.4109375 0.34765625 0.146875 0.11875
1 0.378125 0.2140625 0.1515625 0.1109375
1 0.346875 0.07109375 0.1375 0.1296875
10 0.41875 0.0984375 0.059375 0.0453125
10 0.4765625 0.2890625 0.06875 0.05625
10 0.49296875 0.3625 0.0515625 0.0421875
10 0.578125 0.6765625 0.059375 0.05625
10 0.60390625 0.74609375 0.0578125 0.0546875
10 0.6578125 0.9328125 0.06875 0.0734375