4 0.22421875 0.4890625 0.4078125 0.7390625
12 0.04609375 0.46015625 0.0921875 0.6890625
12 0.84296875 0.56484375 0.3140625 0.5921875
7 0.45703125 0.24375 0.071875 0.1578125
13 0.40546875 0.715625 0.0515625 0.1984375
13 0.66640625 0.44609375 0.0703125 0.0734375
13 0.64921875 0.621875 0.075 0.0890625
10 0.6953125 0.171875 0.0765625 0.1
10 0.690625 0.27421875 0.0640625 0.078125
1 0.4765625 0.5234375 0.0453125 0.178125
1 0.62109375 0.90078125 0.05625 0.0703125
5 0.50390625 0.271875 0.040625 0.1546875
5 0.44921875 0.78671875 0.0453125 0.1703125
5 0.51875 0.88671875 0.0609375 0.0734375
5 0.640625 0.721875 0.05625 0.0765625
5 0.63203125 0.809375 0.0453125 0.059375
5 0.678125 0.36015625 0.0609375 0.0859375
5 0.66328125 0.5328125 0.0515625 0.0765625
0 0.55390625 0.5453125 0.1296875 0.3234375