9 0.75390625 0.14140625 0.3296875 0.2828125
9 0.8125 0.61171875 0.321875 0.3375
2 0.33046875 0.1953125 0.0953125 0.1171875
2 0.44765625 0.67578125 0.10625 0.10625
7 0.5609375 0.23984375 0.065625 0.078125
7 0.6390625 0.796875 0.0734375 0.0828125
7 0.5625 0.3296875 0.0640625 0.0671875
7 0.678125 0.33125 0.0703125 0.0796875
13 0.4140625 0.3171875 0.08125 0.0578125
13 0.41953125 0.38515625 0.084375 0.046875
0 0.42109375 0.1890625 0.06875 0.0703125
0 0.54765625 0.6734375 0.0765625 0.0734375
12 0.06171875 0.453125 0.1203125 0.3734375
12 0.2078125 0.2953125 0.0875 0.1671875
12 0.26640625 0.75078125 0.09375 0.1890625
12 0.975 0.78671875 0.05 0.1359375
12 0.9140625 0.3359375 0.0859375 0.1296875
10 0.328125 0.2984375 0.028125 0.0515625
10 0.40625 0.12578125 0.05625 0.0296875
10 0.48515625 0.1875 0.03125 0.046875
10 0.49609375 0.34453125 0.03125 0.0625
10 0.53046875 0.59921875 0.0546875 0.0359375
10 0.603125 0.66796875 0.03125 0.0515625
5 0.41640625 0.265625 0.0609375 0.0296875
5 0.4828125 0.25625 0.0546875 0.0328125
5 0.5625 0.16171875 0.034375 0.0578125
5 0.6171875 0.3203125 0.0203125 0.0515625
5 0.646875 0.65859375 0.0265625 0.0546875
5 0.55234375 0.75078125 0.05 0.03125
5 0.6203125 0.7375 0.053125 0.0359375
5 0.71640625 0.7921875 0.0625 0.0359375
5 0.7609375 0.33046875 0.046875 0.03125