4 0.9421875 0.43828125 0.115625 0.4109375
4 0.85 0.428125 0.175 0.4109375
4 0.71875 0.41796875 0.184375 0.41875
4 0.58671875 0.40546875 0.178125 0.4234375
4 0.45234375 0.3859375 0.18125 0.434375
4 0.3203125 0.36484375 0.1859375 0.421875
4 0.18984375 0.35 0.184375 0.428125
4 0.07578125 0.3359375 0.1515625 0.41875
12 0.440625 0.94765625 0.196875 0.1046875
12 0.028125 0.90859375 0.05625 0.0671875
12 0.95390625 0.1640625 0.0921875 0.1625
12 0.8578125 0.15078125 0.1390625 0.159375
12 0.73359375 0.1390625 0.1359375 0.1546875
12 0.61796875 0.12265625 0.1390625 0.1703125
12 0.4921875 0.0953125 0.1390625 0.16875
12 0.37109375 0.0859375 0.146875 0.171875
12 0.24765625 0.071875 0.1453125 0.14375
12 0.11953125 0.065625 0.1421875 0.13125
7 0.93046875 0.75390625 0.0390625 0.0765625
7 0.81640625 0.7484375 0.040625 0.065625
7 0.6984375 0.7375 0.0328125 0.065625
7 0.57734375 0.72734375 0.0375 0.06875
7 0.45625 0.7125 0.0375 0.0765625
7 0.33203125 0.69921875 0.0375 0.071875
7 0.21015625 0.6875 0.0328125 0.0609375
7 0.0875 0.6703125 0.034375 0.059375
0 0.8515625 0.8328125 0.0578125 0.159375
0 0.734375 0.825 0.0640625 0.1515625
0 0.61640625 0.81328125 0.0609375 0.1609375
0 0.4890625 0.7953125 0.05625 0.146875
0 0.36953125 0.78125 0.05625 0.1484375
0 0.24453125 0.7734375 0.0578125 0.159375
0 0.11796875 0.759375 0.065625 0.140625
0 0.01484375 0.73984375 0.0296875 0.1421875
13 0.89453125 0.68984375 0.046875 0.059375
13 0.7796875 0.6859375 0.05 0.05625
13 0.6625 0.671875 0.05 0.0578125
13 0.5421875 0.66640625 0.046875 0.046875
13 0.4171875 0.64296875 0.0484375 0.05
13 0.29609375 0.63046875 0.05 0.059375
13 0.1765625 0.6125 0.0484375 0.0578125
13 0.05390625 0.60078125 0.046875 0.05625
1 0.8890625 0.93046875 0.0328125 0.04375
1 0.77734375 0.9265625 0.0359375 0.0453125
1 0.65703125 0.91484375 0.0328125 0.0375
1 0.540625 0.89765625 0.0390625 0.0375
1 0.41328125 0.890625 0.034375 0.0453125
1 0.29140625 0.8828125 0.0328125 0.040625
1 0.16796875 0.865625 0.0390625 0.0546875
1 0.04375 0.8515625 0.0296875 0.0359375
5 0.9015625 0.821875 0.0296875 0.0390625
5 0.8953125 0.8640625 0.0296875 0.0390625
5 0.79140625 0.80859375 0.0296875 0.0359375
5 0.7828125 0.86015625 0.025 0.04375
5 0.67421875 0.8 0.028125 0.03125
5 0.6640625 0.85234375 0.03125 0.0328125
5 0.55 0.7921875 0.028125 0.0375
5 0.5484375 0.834375 0.03125 0.0421875
5 0.42734375 0.7828125 0.0328125 0.0390625
5 0.4203125 0.8234375 0.0296875 0.046875
5 0.30625 0.759375 0.0359375 0.053125
5 0.30078125 0.80859375 0.034375 0.0453125
5 0.18046875 0.75 0.034375 0.053125
5 0.17109375 0.80078125 0.0328125 0.04375
5 0.0578125 0.7328125 0.0328125 0.04375
5 0.0515625 0.77578125 0.034375 0.0484375