14 0.4296875 0.84921875 0.30625 0.3015625
14 0.13984375 0.83359375 0.2796875 0.3015625
12 0.83984375 0.5078125 0.3203125 0.984375
12 0.12890625 0.48359375 0.2578125 0.2546875
6 0.16796875 0.0453125 0.1265625 0.090625
6 0.35234375 0.053125 0.1265625 0.10625
11 0.5796875 0.10703125 0.2078125 0.1
0 0.490625 0.38046875 0.3375 0.325
1 0.08984375 0.27265625 0.08125 0.0921875
1 0.09453125 0.16953125 0.078125 0.0734375
5 0.2609375 0.675 0.0546875 0.034375
5 0.08515625 0.6640625 0.071875 0.0375
5 0.25546875 0.25546875 0.0609375 0.109375
5 0.40859375 0.15078125 0.059375 0.0421875
5 0.18671875 0.24609375 0.0359375 0.0734375
10 0.64453125 0.02890625 0.04375 0.025
10 0.5265625 0.01953125 0.0640625 0.0328125
5 0.21015625 0.1328125 0.04375 0.028125