14 0.45625 0.56875 0.890625 0.4953125
3 0.06796875 0.8296875 0.1359375 0.2
6 0.98515625 0.22109375 0.0296875 0.1421875
6 0.79765625 0.22109375 0.10625 0.11875
6 0.67421875 0.25546875 0.1140625 0.1328125
6 0.6921875 0.1515625 0.115625 0.1140625
6 0.56171875 0.18515625 0.1140625 0.1234375
6 0.2875 0.14609375 0.11875 0.121875
7 0.865625 0.33359375 0.040625 0.0546875
7 0.82265625 0.33203125 0.040625 0.05
7 0.5015625 0.27421875 0.034375 0.05625
7 0.46015625 0.27109375 0.0390625 0.053125
7 0.31171875 0.246875 0.04375 0.0578125
5 0.98125 0.45390625 0.0328125 0.0484375
5 0.99375 0.45703125 0.0125 0.0515625
0 0.41640625 0.953125 0.1265625 0.09375
0 0.22265625 0.9203125 0.1453125 0.103125
5 0.1421875 0.80234375 0.03125 0.046875
8 0.70625 0.953125 0.303125 0.09375