15 0.06875 0.47265625 0.0984375 0.3984375
15 0.29609375 0.47109375 0.08125 0.384375
15 0.53359375 0.46953125 0.075 0.38125
15 0.765625 0.46875 0.0875 0.403125
12 0.27109375 0.10703125 0.134375 0.1625
12 0.70078125 0.10546875 0.121875 0.1359375
12 0.34296875 0.91484375 0.18125 0.1546875
12 0.671875 0.91640625 0.178125 0.1625
1 0.18046875 0.215625 0.075 0.0859375
1 0.17578125 0.328125 0.071875 0.10625
1 0.40703125 0.203125 0.0625 0.09375
1 0.40078125 0.33515625 0.053125 0.08125
1 0.61796875 0.21328125 0.0625 0.121875
1 0.61796875 0.33203125 0.05 0.09375
5 0.18203125 0.56484375 0.053125 0.2421875
5 0.228125 0.42109375 0.0484375 0.23125
5 0.4 0.559375 0.05 0.1984375
5 0.45703125 0.409375 0.0484375 0.2234375
5 0.621875 0.56640625 0.05 0.253125
5 0.67109375 0.41171875 0.0390625 0.246875
5 0.84140625 0.55390625 0.0546875 0.2546875
5 0.9 0.40859375 0.05 0.228125
1 0.84140625 0.21953125 0.071875 0.1265625
1 0.84140625 0.34375 0.05 0.115625