0 0.5109375 0.4609375 0.375 0.325
11 0.08828125 0.4796875 0.1765625 0.1875
10 0.81875 0.87421875 0.228125 0.1234375
10 0.58203125 0.90234375 0.1046875 0.1234375
5 0.7984375 0.3671875 0.14375 0.06875
10 0.77421875 0.30234375 0.1015625 0.046875
10 0.22890625 0.62421875 0.0546875 0.0703125
10 0.27421875 0.62109375 0.0578125 0.0671875
10 0.72109375 0.79765625 0.1 0.0484375
5 0.74765625 0.6703125 0.0828125 0.046875
5 0.53359375 0.68828125 0.059375 0.065625
5 0.43125 0.91875 0.1234375 0.065625
1 0.19765625 0.94609375 0.2015625 0.1078125