12 0.41328125 0.8625 0.4203125 0.275
0 0.50625 0.41484375 0.2515625 0.190625
0 0.44921875 0.66640625 0.1421875 0.115625
10 0.325 0.0515625 0.19375 0.103125
5 0.56640625 0.10625 0.1078125 0.053125
5 0.80625 0.15546875 0.128125 0.06875
5 0.50234375 0.24140625 0.06875 0.078125
5 0.5859375 0.25859375 0.0640625 0.0734375
5 0.70078125 0.50234375 0.046875 0.0546875
5 0.77109375 0.51796875 0.053125 0.0578125
5 0.71640625 0.4171875 0.046875 0.0609375
5 0.7859375 0.4265625 0.0578125 0.0625
1 0.79453125 0.24921875 0.115625 0.0625
1 0.30390625 0.1484375 0.125 0.0671875
1 0.7671875 0.978125 0.1125 0.04375
1 0.0421875 0.8328125 0.084375 0.06875
5 0.03984375 0.7453125 0.075 0.0390625
5 0.3125 0.65234375 0.0671875 0.071875
2 0.57265625 0.70625 0.0765625 0.0703125
10 0.6734375 0.73203125 0.0734375 0.06875
10 0.20859375 0.396875 0.05 0.05625
10 0.29296875 0.415625 0.05625 0.05625
10 0.2328125 0.31015625 0.046875 0.0640625
10 0.309375 0.32578125 0.0515625 0.05625
5 0.78984375 0.90859375 0.075 0.0359375