12 0.86328125 0.1171875 0.2734375 0.146875
12 0.5640625 0.08671875 0.2609375 0.1421875
12 0.23984375 0.146875 0.3171875 0.29375
13 0.9046875 0.4765625 0.084375 0.0921875
13 0.79296875 0.46796875 0.0734375 0.0875
13 0.67421875 0.4515625 0.08125 0.0796875
13 0.55078125 0.44140625 0.0625 0.08125
13 0.4328125 0.43046875 0.0796875 0.0859375
13 0.3265625 0.4125 0.075 0.075
13 0.2078125 0.39921875 0.084375 0.08125
13 0.0921875 0.39296875 0.0765625 0.078125
10 0.9625 0.39375 0.0546875 0.0375
10 0.83984375 0.38359375 0.0453125 0.0390625
10 0.72265625 0.36796875 0.0375 0.03125
10 0.603125 0.35390625 0.040625 0.0375
10 0.4796875 0.3421875 0.0390625 0.034375
10 0.35703125 0.328125 0.0421875 0.03125
10 0.2359375 0.3140625 0.0484375 0.034375
10 0.115625 0.3015625 0.05 0.0375
10 0.82421875 0.546875 0.078125 0.0328125
10 0.821875 0.57421875 0.0765625 0.028125
10 0.821875 0.5984375 0.0671875 0.0234375
10 0.82109375 0.61953125 0.0671875 0.0265625
10 0.82109375 0.64609375 0.0703125 0.0203125
10 0.0609375 0.49375 0.0765625 0.0265625
10 0.25859375 0.49609375 0.053125 0.034375
10 0.0625 0.5203125 0.0640625 0.025
10 0.065625 0.54609375 0.0875 0.0296875
10 0.159375 0.60703125 0.0796875 0.0265625
10 0.1546875 0.65390625 0.0734375 0.0234375
10 0.1765625 0.703125 0.071875 0.0265625
10 0.1703125 0.7265625 0.0859375 0.0296875
10 0.76015625 0.76328125 0.0828125 0.0265625
10 0.75703125 0.809375 0.078125 0.028125
10 0.6453125 0.97265625 0.1015625 0.0375
10 0.1328125 0.90390625 0.0609375 0.0453125
0 0.2609375 0.91953125 0.1234375 0.0625
0 0.478125 0.62421875 0.4765625 0.2546875
5 0.903125 0.38515625 0.0390625 0.046875
5 0.78046875 0.3703125 0.040625 0.0390625
5 0.659375 0.359375 0.046875 0.0390625
5 0.5375 0.34453125 0.053125 0.03125
5 0.4171875 0.334375 0.046875 0.0390625
5 0.29609375 0.31796875 0.05 0.0328125
5 0.178125 0.31171875 0.0484375 0.0375
5 0.05546875 0.29296875 0.046875 0.0359375
5 0.075 0.4703125 0.06875 0.0296875
5 0.640625 0.80625 0.0484375 0.05
5 0.578125 0.8 0.04375 0.04375
5 0.52890625 0.79609375 0.046875 0.0375
5 0.46953125 0.78671875 0.04375 0.0359375
5 0.4109375 0.78046875 0.046875 0.040625
5 0.3625 0.7765625 0.0359375 0.04375
5 0.3046875 0.77109375 0.04375 0.0421875
5 0.72578125 0.8875 0.065625 0.0265625
5 0.71875 0.9140625 0.0640625 0.025
5 0.4890625 0.8921875 0.0796875 0.028125
5 0.35390625 0.878125 0.078125 0.028125
5 0.22421875 0.8640625 0.0796875 0.0328125
1 0.45234375 0.95 0.109375 0.04375