4 0.790625 0.61640625 0.390625 0.3609375
4 0.33515625 0.70625 0.396875 0.3921875
10 0.54609375 0.55859375 0.1515625 0.1734375
12 0.88828125 0.84921875 0.2234375 0.2015625
12 0.60703125 0.89296875 0.2203125 0.2140625
12 0.30390625 0.925 0.2359375 0.15
1 0.109375 0.75859375 0.078125 0.0984375
1 0.97890625 0.584375 0.0421875 0.0875
14 0.68046875 0.27421875 0.434375 0.3328125
14 0.28984375 0.3359375 0.4328125 0.35625
6 0.7203125 0.05234375 0.15 0.1046875
6 0.53828125 0.06875 0.1328125 0.1375
6 0.334375 0.09609375 0.1484375 0.14375
6 0.14296875 0.13515625 0.14375 0.14375