6 0.43515625 0.125 0.290625 0.225
11 0.78984375 0.88125 0.3421875 0.16875
5 0.36484375 0.853125 0.0984375 0.19375
5 0.634375 0.225 0.0625 0.11875
5 0.625 0.44921875 0.08125 0.05625
5 0.61796875 0.525 0.0546875 0.1171875
5 0.628125 0.634375 0.0734375 0.06875
10 0.59765625 0.74765625 0.071875 0.075
10 0.715625 0.76640625 0.065625 0.059375
10 0.89921875 0.765625 0.05625 0.059375
6 0.48828125 0.85625 0.065625 0.121875
0 0.8375 0.60625 0.165625 0.2
12 0.70390625 0.23203125 0.0875 0.1734375
12 0.8703125 0.08359375 0.259375 0.1234375
12 0.78359375 0.23203125 0.0625 0.1734375
12 0.853125 0.24375 0.0625 0.215625
10 0.621875 0.36015625 0.0703125 0.053125
12 0.26796875 0.478125 0.5359375 0.3875
10 0.46796875 0.275 0.0734375 0.059375