12 0 0.7348929984375 0.10836431875000001 0.749344346875 0.13307259531249999 0.584743328125 0.1400539265625 0.53506858125 0 0.50403124375 0 0.7348929984375
12 0.032897375 0.3811456921875 0.1319092 0.4135553890625 0.139152478125 0.414573365625 0.1574206859375 0.288000378125 0.1641075875 0.24042059999999998 0.066824165625 0.189819925 0.06315854374999999 0.18930475468750002 0.032897375 0.3811456921875
0 0.37109375 0.63828125 0.1109375 0.1890625
0 0.23046875 0.32578125 0.1109375 0.153125
12 0.53984375 0.453125 0.0765625 0.0953125
2 0.1546875 0.56875 0.025 0.05625
5 0.17734375 0.72578125 0.0203125 0.0234375
5 0.2015625 0.6859375 0.0265625 0.0234375
5 0.20546875 0.64765625 0.0265625 0.021875
5 0.49375 0.70234375 0.0265625 0.021875
11 0.30390625 0.48828125 0.06875 0.1828125
10 0.18828125 0.53125 0.021875 0.04375
10 0.28203125 0.63359375 0.015625 0.0390625
10 0.3015625 0.63828125 0.01875 0.034375
1 0.45078125 0.69609375 0.03125 0.0265625
7 0.15703125 0.66328125 0.028125 0.053125
10 0.43984375 0.5921875 0.0140625 0.0359375
10 0.26484375 0.5296875 0.0140625 0.0421875
10 0.27578125 0.45703125 0.0171875 0.0546875