9 0.64453125 0.78984375 0.2125 0.3484375
9 0.89453125 0.79140625 0.2109375 0.35625
0 0.10078125 0.68828125 0.1546875 0.2359375
0 0.096875 0.203125 0.153125 0.2484375
0 0.63046875 0.23125 0.1359375 0.2484375
10 0.36875 0.83125 0.09375 0.0703125
10 0.41796875 0.590625 0.128125 0.09375
10 0.22578125 0.18515625 0.134375 0.08125
10 0.79296875 0.1625 0.059375 0.146875
10 0.903125 0.30234375 0.084375 0.125
10 0.478125 0.34921875 0.1109375 0.140625
5 0.10234375 0.42265625 0.128125 0.0984375
5 0.26796875 0.42578125 0.1125 0.078125
5 0.27421875 0.6875 0.0421875 0.21875
5 0.21640625 0.65703125 0.053125 0.184375
5 0.809375 0.415625 0.1125 0.0546875
5 0.88203125 0.52734375 0.1109375 0.053125