14 0.24375 0.1109375 0.1875 0.16875
14 0.43359375 0.10859375 0.1859375 0.175
1 0.7015625 0.03359375 0.046875 0.0390625
1 0.78359375 0.03359375 0.0453125 0.0328125
1 0.7046875 0.0984375 0.04375 0.04375
1 0.78515625 0.0984375 0.0390625 0.04375
1 0.70234375 0.16171875 0.0421875 0.0359375
1 0.7796875 0.16015625 0.04375 0.0359375
1 0.7078125 0.22578125 0.040625 0.0453125
1 0.7796875 0.22578125 0.046875 0.0359375
6 0.07578125 0.4125 0.0890625 0.078125
7 0.04609375 0.26171875 0.0390625 0.0421875
7 0.09609375 0.259375 0.0328125 0.0375
7 0.14140625 0.2609375 0.0328125 0.034375
7 0.1921875 0.26171875 0.028125 0.0359375
0 0.37421875 0.47578125 0.2078125 0.2046875
0 0.6921875 0.52109375 0.153125 0.1078125
0 0.4734375 0.721875 0.115625 0.11875
0 0.7109375 0.7234375 0.125 0.115625
11 0.575 0.55078125 0.05 0.1203125
0 0.2890625 0.73203125 0.109375 0.0703125
9 0.74609375 0.3734375 0.14375 0.140625
12 0.63359375 0.3796875 0.0234375 0.053125
10 0.0546875 0.3203125 0.009375 0.025
10 0.253125 0.6359375 0.01875 0.034375
10 0.58515625 0.7109375 0.0125 0.028125
10 0.52421875 0.6 0.0078125 0.028125
10 0.61953125 0.609375 0.0125 0.03125
10 0.59609375 0.4375 0.0171875 0.025
5 0.08203125 0.32265625 0.0125 0.0234375
5 0.10859375 0.321875 0.0125 0.025
5 0.1421875 0.32265625 0.0125 0.0234375
5 0.17265625 0.32421875 0.0109375 0.025
5 0.19921875 0.32265625 0.0109375 0.0359375
5 0.596875 0.27734375 0.009375 0.0296875
5 0.6203125 0.275 0.015625 0.028125
5 0.64453125 0.275 0.00625 0.01875
5 0.665625 0.2765625 0.0125 0.034375
5 0.69296875 0.27734375 0.0109375 0.0265625
5 0.71484375 0.27734375 0.0109375 0.0234375
5 0.7359375 0.27421875 0.009375 0.0234375
5 0.76171875 0.275 0.0140625 0.025
5 0.78515625 0.2796875 0.0125 0.021875
5 0.2703125 0.82265625 0.015625 0.0296875
5 0.50625 0.82890625 0.025 0.0328125
5 0.59296875 0.828125 0.0140625 0.025
5 0.62421875 0.82578125 0.0171875 0.0296875
5 0.6546875 0.82734375 0.015625 0.0234375
5 0.6890625 0.82578125 0.009375 0.0265625
5 0.7203125 0.825 0.015625 0.034375
5 0.75859375 0.828125 0.0125 0.025
10 0.36640625 0.70859375 0.0109375 0.0234375
5 0.3515625 0.62421875 0.025 0.0109375
10 0.2046875 0.70859375 0.0125 0.0234375