9 0.2171875 0.14765625 0.3 0.2953125
9 0.21015625 0.63984375 0.2921875 0.3078125
2 0.64453125 0.1765625 0.0859375 0.1109375
2 0.578125 0.665625 0.096875 0.0984375
7 0.42109375 0.24453125 0.059375 0.0734375
7 0.40234375 0.8046875 0.065625 0.075
7 0.42890625 0.334375 0.059375 0.0625
7 0.31484375 0.346875 0.0625 0.0734375
13 0.575 0.30703125 0.0796875 0.0515625
13 0.5765625 0.375 0.08125 0.0375
0 0.553125 0.18046875 0.0625 0.065625
0 0.4796875 0.67265625 0.071875 0.065625
12 0.9375 0.40390625 0.0828125 0.36875
12 0.7765625 0.26328125 0.0703125 0.1609375
12 0.765625 0.71953125 0.075 0.1828125
12 0.05078125 0.83125 0.06875 0.13125
12 0.0828125 0.3765625 0.075 0.125
10 0.6578125 0.27890625 0.021875 0.05
10 0.5625 0.11640625 0.0546875 0.0234375
10 0.490625 0.1859375 0.025 0.046875
10 0.496875 0.34140625 0.0234375 0.0609375
10 0.48828125 0.59765625 0.0515625 0.03125
10 0.42421875 0.67265625 0.0265625 0.0484375
5 0.56640625 0.25546875 0.059375 0.0234375
5 0.50078125 0.253125 0.0515625 0.028125
5 0.4109375 0.1671875 0.028125 0.05625
5 0.37421875 0.3296875 0.015625 0.0484375
5 0.3796875 0.66875 0.021875 0.0546875
5 0.4828125 0.75 0.0484375 0.0265625
5 0.4140625 0.74375 0.0484375 0.0296875
5 0.325 0.8078125 0.0609375 0.0296875
5 0.2328125 0.35546875 0.046875 0.028125