10 0.24765625 0.27890625 0.3546875 0.5578125
2 0.76640625 0.271875 0.35 0.503125
13 0.55 0.2234375 0.1609375 0.353125
10 0.9515625 0.50703125 0.096875 0.2421875
10 0.23203125 0.73125 0.121875 0.2421875
10 0.146875 0.71796875 0.1015625 0.246875
5 0.3546875 0.85390625 0.0796875 0.0796875
5 0.5515625 0.8828125 0.084375 0.0734375
5 0.7 0.81484375 0.084375 0.0953125
5 0.78671875 0.896875 0.0625 0.13125
5 0.809375 0.6875 0.0609375 0.13125
5 0.728125 0.6203125 0.0859375 0.0828125
10 0.7109375 0.71640625 0.078125 0.0734375
0 0.48046875 0.6296875 0.234375 0.346875
10 0.41484375 0.3609375 0.0515625 0.11875