6 0.2 0.86328125 0.140625 0.1390625
6 0.3765625 0.89375 0.134375 0.134375
6 0.55625 0.9109375 0.1390625 0.146875
6 0.728125 0.92734375 0.1375 0.1453125
6 0.24140625 0.09765625 0.128125 0.1421875
0 0.55 0.43125 0.1953125 0.2109375
0 0.340625 0.4625 0.1421875 0.16875
6 0.05546875 0.6578125 0.1109375 0.28125
12 0.08046875 0.33671875 0.1578125 0.2703125
12 0.465625 0.04765625 0.25 0.0953125
12 0.86015625 0.1046875 0.1046875 0.1015625
1 0.7078125 0.1265625 0.08125 0.090625
10 0.56796875 0.2875 0.140625 0.06875
13 0.16015625 0.64140625 0.0890625 0.2296875
12 0.08359375 0.12890625 0.0921875 0.0875
10 0.22734375 0.2375 0.1046875 0.1109375
10 0.221875 0.4421875 0.0578125 0.1234375
12 0.9328125 0.76640625 0.071875 0.1265625
5 0.59375 0.74375 0.1859375 0.0796875
5 0.33046875 0.7171875 0.159375 0.075
5 0.34921875 0.62734375 0.1625 0.0796875
5 0.6125 0.65390625 0.1390625 0.075
5 0.6984375 0.47421875 0.0765625 0.2015625
5 0.7625 0.47890625 0.078125 0.2078125
5 0.7109375 0.23828125 0.1703125 0.08125
5 0.43984375 0.2015625 0.2 0.0828125
12 0.9203125 0.4453125 0.159375 0.521875
1 0.37109375 0.27109375 0.090625 0.0953125