2 0.81875 0.334375 0.1484375 0.240625
13 0.653125 0.3375 0.1640625 0.15
0 0.67109375 0.11640625 0.14375 0.196875
10 0.48515625 0.26328125 0.096875 0.2203125
10 0.375 0.27890625 0.1 0.2109375
10 0.9125 0.090625 0.1625 0.14375
10 0.13203125 0.28515625 0.0640625 0.05625
10 0.053125 0.09609375 0.0625 0.053125
13 0.05859375 0.18828125 0.071875 0.071875
13 0.05859375 0.84375 0.071875 0.08125
5 0.04296875 0.27109375 0.0671875 0.0625
5 0.16328125 0.509375 0.08125 0.09375
5 0.17421875 0.63515625 0.128125 0.1
5 0.034375 0.6375 0.059375 0.059375
5 0.03984375 0.93671875 0.05625 0.05
10 0.13359375 0.94375 0.0796875 0.059375
10 0.046875 0.746875 0.075 0.0515625