1 0.24765625 0.33046875 0.1296875 0.046875
1 0.74765625 0.334375 0.1 0.0546875
0 0.49765625 0.56171875 0.2171875 0.1953125
5 0.25703125 0.42421875 0.0921875 0.0546875
5 0.75546875 0.42734375 0.096875 0.046875
5 0.259375 0.496875 0.1 0.0546875
5 0.74296875 0.49765625 0.090625 0.053125
5 0.26484375 0.57109375 0.115625 0.046875
5 0.75703125 0.571875 0.078125 0.04375
5 0.44765625 0.80546875 0.1125 0.0359375
10 0.26328125 0.646875 0.0921875 0.0515625
10 0.74765625 0.64375 0.096875 0.0625
10 0.74140625 0.71875 0.0984375 0.05625
10 0.27421875 0.71875 0.084375 0.0375