2 0.66484375 0.87890625 0.2671875 0.16875
2 0.61953125 0.1046875 0.2390625 0.184375
13 0.45078125 0.8953125 0.096875 0.096875
13 0.29375 0.30625 0.05625 0.153125
13 0.56640625 0.3 0.0859375 0.08125
5 0.35546875 0.296875 0.0625 0.178125
5 0.4140625 0.2734375 0.03125 0.08125
5 0.2828125 0.65859375 0.0328125 0.096875
7 0.2765625 0.52109375 0.065625 0.0765625
5 0.22890625 0.39140625 0.05625 0.0421875
5 0.2171875 0.503125 0.0328125 0.1
5 0.22265625 0.315625 0.05 0.046875
1 0.21875 0.24375 0.059375 0.04375
10 0.23125 0.6640625 0.0359375 0.1046875
10 0.7875 0.53125 0.03125 0.1015625
0 0.3984375 0.56640625 0.1265625 0.2640625
0 0.58984375 0.553125 0.1171875 0.25625
12 0.11640625 0.60234375 0.1734375 0.440625
12 0.89375 0.54375 0.178125 0.2625