0 0.490625 0.34921875 0.29375 0.3921875
0 0.490625 0.60703125 0.103125 0.090625
0 0.48984375 0.72109375 0.0734375 0.0875
6 0.36640625 0.85546875 0.04375 0.090625
6 0.61875 0.85078125 0.04375 0.08125
7 0.615625 0.60703125 0.0421875 0.0359375
7 0.61484375 0.72890625 0.0484375 0.040625
13 0.46875 0.78515625 0.015625 0.01875
13 0.490625 0.78515625 0.0125 0.01875
13 0.5125 0.78671875 0.015625 0.01875
13 0.42109375 0.78125 0.0375 0.021875
1 0.37109375 0.70234375 0.01875 0.03125
10 0.37109375 0.58359375 0.01875 0.0359375
10 0.40234375 0.58125 0.021875 0.0359375
10 0.37265625 0.62109375 0.01875 0.0125
10 0.40546875 0.6375 0.0171875 0.028125
10 0.371875 0.65078125 0.015625 0.009375
10 0.415625 0.67734375 0.0171875 0.0109375
10 0.41796875 0.69453125 0.01875 0.0125
10 0.41015625 0.8125 0.0109375 0.01875
5 0.37109375 0.74609375 0.0109375 0.025
5 0.37265625 0.634375 0.0234375 0.0109375
5 0.41875 0.70859375 0.021875 0.009375
5 0.42734375 0.74765625 0.0125 0.0203125
5 0.409375 0.74765625 0.015625 0.0234375
5 0.55859375 0.68203125 0.0125 0.0203125
5 0.57265625 0.68515625 0.0125 0.01875
5 0.55859375 0.753125 0.0109375 0.0234375
5 0.57265625 0.75390625 0.0109375 0.021875
12 0.49375 0.86796875 0.128125 0.11875