2 0.38828125 0.7421875 0.7765625 0.434375
2 0.46875 0.340625 0.7640625 0.4234375
13 0.5 0.1140625 0.584375 0.228125
10 0.0109375 0.8453125 0.021875 0.084375
10 0.371875 0.928125 0.109375 0.08125
10 0.46328125 0.95859375 0.0859375 0.0734375
10 0.67421875 0.97890625 0.1015625 0.0421875
5 0.5625 0.97109375 0.109375 0.0578125
5 0.65546875 0.5796875 0.0796875 0.0609375
10 0.44921875 0.5296875 0.1515625 0.0984375
10 0.55078125 0.55546875 0.0890625 0.071875
10 0.778125 0.603125 0.125 0.08125
1 0.4109375 0.0109375 0.2 0.021875
5 0.6359375 0.03671875 0.153125 0.0671875