1 1 0.8199105265625001 0.9198785624999999 0.80365585625 0.9072202562499999 0.8038768078125 0.8453901203124999 0.85955018125 0.8454157140625 0.861016453125 0.9786156546875 0.884262259375 1 0.8640906718749999 1 0.8199105265625001
1 0.6013944046875 0.937129546875 0.6014024515624999 0.9375904859374999 0.662221165625 0.9943918109375 0.7883643390625 0.9725413546875 0.788340053125 0.9711500578125 0.73977320625 0.91462853125 0.7177859359375 0.9150123203125 0.6013944046875 0.937129546875
1 0.2426460203125 0.9761644875 0.242648425 0.9763022546875 0.3687096671875 0.999801303125 0.423527996875 0.9534986921874999 0.42351607812500003 0.9528158781249999 0.31027798125 0.920562659375 0.2967026078125 0.9207996187499999 0.2426460203125 0.9761644875
1 0.1927024796875 0.8697750031249999 0.1345636578125 0.8126753656249999 0.12225317499999999 0.8128902453125001 0.008898746875 0.83511386875 0.00907128125 0.844998421875 0.0515074109375 0.89134498125 0.1927024796875 0.8697750031249999
0 0.475 0.18671875 0.284375 0.1375
13 0.234375 0.28046875 0.134375 0.1046875
5 0.5421875 0.36328125 0.1515625 0.03125
5 0.4953125 0.05625 0.11875 0.0296875
5 0.796875 0.05078125 0.1171875 0.0296875
5 0.1484375 0.16171875 0.084375 0.04375
1 0.26171875 0.05703125 0.1265625 0.0234375
0 0.615625 0.30546875 0.1140625 0.0578125
10 0.846875 0.28359375 0.05625 0.0484375
10 0.76015625 0.2875 0.075 0.0484375
10 0.4015625 0.3015625 0.159375 0.059375