0 0.6625 0.34375 0.3125 0.328125
11 0.72421875 0.62265625 0.2125 0.225
10 0.86640625 0.58984375 0.0609375 0.078125
10 0.56953125 0.71015625 0.0703125 0.059375
10 0.575 0.52109375 0.06875 0.0609375
10 0.6859375 0.14453125 0.075 0.0734375
10 0.5890625 0.175 0.071875 0.071875
10 0.4328125 0.28984375 0.0859375 0.0875
10 0.48828125 0.3453125 0.0578125 0.0671875
10 0.5671875 0.609375 0.0484375 0.05625
10 0.5203125 0.628125 0.0640625 0.0671875
10 0.521875 0.44375 0.059375 0.059375
5 0.51953125 0.22734375 0.071875 0.0734375
5 0.48671875 0.534375 0.0625 0.0671875