12 0.08203125 0.50234375 0.1609375 0.259375
0 0.409375 0.56171875 0.1671875 0.253125
12 0.07890625 0.87578125 0.1125 0.196875
0 0.23359375 0.33125 0.1015625 0.09375
0 0.66328125 0.34921875 0.0984375 0.1015625
0 0.67578125 0.46875 0.0484375 0.0875
0 0.64375 0.67734375 0.046875 0.0859375
11 0.54453125 0.678125 0.04375 0.08125
1 0.55 0.36015625 0.075 0.0859375
5 0.25703125 0.42578125 0.0359375 0.025
5 0.20078125 0.45546875 0.021875 0.0171875
5 0.20234375 0.48515625 0.021875 0.01875
5 0.28125 0.509375 0.025 0.0171875
5 0.27578125 0.53828125 0.021875 0.028125
5 0.20625 0.59140625 0.028125 0.0734375
5 0.16015625 0.709375 0.025 0.06875
0 0.25234375 0.69765625 0.071875 0.071875
13 0.2875 0.778125 0.040625 0.0390625
5 0.22109375 0.771875 0.025 0.0234375
5 0.48046875 0.36015625 0.025 0.06875
5 0.54765625 0.57421875 0.01875 0.01875
5 0.70625 0.68046875 0.015625 0.0671875
5 0.74296875 0.678125 0.0203125 0.05
1 0.075 0.08203125 0.109375 0.125
1 0.071875 0.203125 0.0984375 0.10625
1 0.93515625 0.09453125 0.090625 0.115625
10 0.30703125 0.32734375 0.009375 0.046875
10 0.32109375 0.38984375 0.0125 0.0421875
10 0.34140625 0.38671875 0.015625 0.04375
10 0.54765625 0.49375 0.028125 0.0234375
10 0.54765625 0.53515625 0.015625 0.025
10 0.73203125 0.48046875 0.015625 0.040625
10 0.671875 0.55390625 0.034375 0.0203125
10 0.64453125 0.59375 0.0296875 0.01875
10 0.54765625 0.61484375 0.034375 0.0203125
10 0.346875 0.740625 0.0296875 0.01875
10 0.45234375 0.734375 0.034375 0.028125
10 0.278125 0.565625 0.0234375 0.0234375
10 0.27890625 0.59453125 0.021875 0.015625
10 0.26328125 0.63984375 0.01875 0.0203125
10 0.43359375 0.36328125 0.015625 0.040625
10 0.74921875 0.34375 0.0109375 0.0421875