12 0.50625 0.22578125 0.590625 0.115625
12 0.609375 0.80859375 0.19375 0.046875
12 0.34140625 0.81328125 0.15625 0.0484375
7 0.20703125 0.634375 0.06875 0.0421875
7 0.77109375 0.63671875 0.0671875 0.053125
1 0.75625 0.73203125 0.071875 0.034375
1 0.2 0.72734375 0.0671875 0.0421875
5 0.29765625 0.684375 0.0703125 0.025
5 0.28984375 0.72890625 0.065625 0.03125
5 0.67578125 0.68828125 0.05625 0.0234375
5 0.66875 0.72578125 0.059375 0.034375
13 0.6375 0.63515625 0.1171875 0.03125
13 0.328125 0.628125 0.0859375 0.03125
0 0.440625 0.703125 0.075 0.115625
0 0.53359375 0.703125 0.090625 0.121875