6 0.825 0.85625 0.146875 0.146875
6 0.6484375 0.89609375 0.1421875 0.1421875
6 0.4671875 0.92265625 0.1453125 0.153125
6 0.2953125 0.93671875 0.14375 0.1265625
6 0.7421875 0.08671875 0.134375 0.1484375
0 0.4484375 0.4390625 0.2046875 0.2203125
0 0.66171875 0.459375 0.1484375 0.1765625
6 0.94765625 0.6421875 0.1046875 0.2875
12 0.9140625 0.31953125 0.1640625 0.275
12 0.51171875 0.0515625 0.2546875 0.103125
12 0.11953125 0.1265625 0.109375 0.1046875
1 0.27421875 0.140625 0.0859375 0.09375
10 0.4234375 0.2953125 0.1453125 0.078125
13 0.853125 0.63046875 0.1 0.2328125
12 0.9 0.11015625 0.0890625 0.090625
10 0.76328125 0.2265625 0.1109375 0.115625
10 0.78046875 0.4328125 0.0640625 0.1265625
12 0.08203125 0.79765625 0.078125 0.1296875
5 0.421875 0.75625 0.190625 0.0890625
5 0.68671875 0.715625 0.1625 0.08125
5 0.66171875 0.62578125 0.1671875 0.0890625
5 0.39765625 0.6671875 0.1421875 0.0796875
5 0.30234375 0.490625 0.0875 0.203125
5 0.23828125 0.4984375 0.0875 0.209375
5 0.2765625 0.25390625 0.1734375 0.090625
5 0.54765625 0.20234375 0.203125 0.090625
12 0.08515625 0.47265625 0.1703125 0.5265625
1 0.621875 0.26796875 0.0953125 0.0984375