6 0.65234375 0.26953125 0.103125 0.090625
6 0.51875 0.3125 0.0984375 0.10625
6 0.378125 0.35390625 0.09375 0.0984375
12 0.85859375 0.38046875 0.14375 0.225
12 0.171875 0.640625 0.178125 0.259375
0 0.20859375 0.42734375 0.14375 0.115625
0 0.58203125 0.44453125 0.084375 0.109375
0 0.36796875 0.490625 0.0984375 0.08125
0 0.69765625 0.3625 0.103125 0.078125
10 0.446875 0.41875 0.0375 0.034375
5 0.72265625 0.21953125 0.04375 0.0375
5 0.74296875 0.28671875 0.0390625 0.0390625
5 0.7375 0.40703125 0.0390625 0.0359375
5 0.46953125 0.49765625 0.0421875 0.028125
1 0.45546875 0.45390625 0.040625 0.0375
1 0.73359375 0.25390625 0.0359375 0.04375
10 0.27734375 0.53359375 0.121875 0.0875
4 0.40859375 0.671875 0.3140625 0.2296875
14 0.70234375 0.56875 0.296875 0.2375
13 0.86953125 0.52265625 0.0609375 0.05