12 0.27421875 0.06015625 0.3828125 0.1171875
12 0.75859375 0.04453125 0.2734375 0.0890625
12 0.07421875 0.25859375 0.1484375 0.2015625
12 0.91328125 0.2390625 0.159375 0.115625
0 0.49453125 0.40078125 0.4703125 0.2015625
5 0.378125 0.996875 0.1 0.00625
5 0.4703125 0.9046875 0.1 0.034375
5 0.5078125 0.71015625 0.1 0.0296875
5 0.45234375 0.63515625 0.021875 0.025
5 0.55625 0.6328125 0.025 0.01875
5 0.62578125 0.54921875 0.0234375 0.01875
5 0.70234375 0.54765625 0.0234375 0.01875
1 0.4984375 0.59453125 0.090625 0.0265625
1 0.6328125 0.990625 0.1 0.0125
5 0.3296875 0.15859375 0.0234375 0.01875
5 0.3703125 0.15859375 0.0234375 0.021875
5 0.59609375 0.14921875 0.0203125 0.0203125
5 0.634375 0.1484375 0.025 0.0234375
5 0.3125 0.25859375 0.0328125 0.025
5 0.3828125 0.253125 0.0234375 0.01875
10 0.4765625 0.240625 0.053125 0.01875
10 0.4765625 0.2609375 0.0515625 0.015625
10 0.478125 0.2828125 0.046875 0.0125
10 0.353125 0.284375 0.053125 0.0140625
10 0.36953125 0.52890625 0.04375 0.0125
10 0.4609375 0.52578125 0.0578125 0.0125
10 0.37265625 0.5484375 0.0546875 0.0171875