9 0.296875 0.253125 0.18125 0.390625
5 0.39296875 0.56171875 0.1171875 0.078125
13 0.11640625 0.85546875 0.046875 0.0609375
13 0.11875 0.92578125 0.0484375 0.075
13 0.065625 0.88359375 0.03125 0.1421875
13 0.04140625 0.45 0.021875 0.109375
10 0.08671875 0.42734375 0.01875 0.075
10 0.06484375 0.47265625 0.0125 0.0484375
5 0.06328125 0.42109375 0.0125 0.046875
5 0.08984375 0.48828125 0.0234375 0.034375
0 0.15859375 0.50859375 0.05625 0.20625
5 0.22890625 0.76484375 0.025 0.0421875
5 0.23515625 0.590625 0.0109375 0.059375
5 0.21875 0.52890625 0.0125 0.0609375
10 0.23203125 0.515625 0.0125 0.05625
10 0.178125 0.70234375 0.05625 0.125
5 0.259375 0.70625 0.0296875 0.0390625
5 0.28984375 0.7625 0.03125 0.05