2 0.50859375 0.6125 0.53125 0.7671875
10 0.2625 0.7484375 0.2453125 0.4125
10 0.1515625 0.2609375 0.234375 0.4015625
3 0.83125 0.11640625 0.221875 0.2328125
0 0.81015625 0.60390625 0.2109375 0.3359375
5 0.83984375 0.825 0.1171875 0.1203125
5 0.9859375 0.78125 0.028125 0.115625
5 0.975 0.6390625 0.05 0.11875
5 0.9578125 0.4875 0.084375 0.10625
10 0.93125 0.33203125 0.1 0.09375
10 0.73359375 0.41171875 0.13125 0.1109375
5 0.70859375 0.28359375 0.1203125 0.1296875
5 0.2515625 0.1515625 0.1046875 0.2171875
5 0.3203125 0.1390625 0.1046875 0.2203125
5 0.41328125 0.1140625 0.1015625 0.2078125
5 0.5 0.1046875 0.0890625 0.1890625
5 0.58828125 0.084375 0.0890625 0.16875
5 0.6765625 0.078125 0.096875 0.15625