12 0.80546875 0.41953125 0.1921875 0.209375
12 0.20703125 0.41640625 0.1921875 0.2
12 0.50859375 0.36484375 0.125 0.0984375
2 0.203125 0.58359375 0.1 0.11875
6 0.92890625 0.56015625 0.065625 0.0984375
5 0.80078125 0.534375 0.0359375 0.025
5 0.10234375 0.54609375 0.0171875 0.03125
5 0.28046875 0.55859375 0.015625 0.034375
5 0.396875 0.50703125 0.0375 0.01875
5 0.57890625 0.45234375 0.0515625 0.021875
5 0.65 0.409375 0.028125 0.01875
5 0.65234375 0.43203125 0.0296875 0.015625
5 0.66015625 0.46875 0.04375 0.028125
5 0.66171875 0.50234375 0.034375 0.028125
0 0.72421875 0.56171875 0.075 0.075
0 0.54609375 0.53984375 0.1359375 0.08125
0 0.36171875 0.58359375 0.0875 0.0671875
10 0.075 0.54609375 0.01875 0.0359375
10 0.12734375 0.54765625 0.01875 0.0375
10 0.29296875 0.5875 0.03125 0.0125
10 0.29609375 0.621875 0.025 0.0359375
10 0.346875 0.48203125 0.0390625 0.025
10 0.34375 0.50859375 0.0421875 0.015625
10 0.340625 0.53359375 0.034375 0.0203125
10 0.39921875 0.484375 0.034375 0.021875
10 0.39765625 0.52890625 0.025 0.0171875
10 0.46015625 0.52265625 0.021875 0.0359375
10 0.496875 0.47890625 0.0359375 0.01875
10 0.56875 0.48046875 0.0359375 0.01875
5 0.46171875 0.56796875 0.015625 0.028125