12 0.8625 0.8546875 0.2125 0.290625
1 0.32734375 0.26328125 0.1078125 0.15
1 0.56640625 0.3203125 0.10625 0.1609375
1 0.80703125 0.346875 0.109375 0.1453125
10 0.31796875 0.1640625 0.0359375 0.0421875
10 0.37890625 0.1875 0.0265625 0.0359375
10 0.78203125 0.2546875 0.0390625 0.0421875
5 0.8515625 0.265625 0.034375 0.034375
5 0.34140625 0.425 0.0484375 0.059375
5 0.546875 0.43984375 0.0515625 0.0484375
5 0.81640625 0.50234375 0.04375 0.0546875
5 0.79765625 0.5875 0.0359375 0.0375
7 0.7578125 0.45078125 0.0609375 0.0859375
7 0.284375 0.36953125 0.0515625 0.084375
5 0.334375 0.50859375 0.0296875 0.040625
5 0.53515625 0.56484375 0.0546875 0.0671875
1 0.73828125 0.57265625 0.0359375 0.0546875
1 0.26171875 0.4984375 0.0484375 0.05625
10 0.2703125 0.55390625 0.0484375 0.040625
10 0.7625 0.640625 0.0390625 0.040625