11 0.503125 0.121875 0.4734375 0.146875
0 0.28359375 0.446875 0.140625 0.125
12 0.178125 0.86953125 0.3125 0.2609375
1 0.45625 0.84765625 0.1359375 0.1234375
1 0.64765625 0.84453125 0.10625 0.121875
7 0.890625 0.54765625 0.0984375 0.10625
7 0.6625 0.61796875 0.090625 0.09375
11 0.12109375 0.053125 0.1359375 0.0484375
10 0.04375 0.12890625 0.046875 0.0609375
10 0.18125 0.12265625 0.0328125 0.0671875
10 0.39765625 0.22265625 0.078125 0.040625
10 0.61171875 0.23125 0.08125 0.0359375
10 0.11328125 0.45078125 0.0734375 0.034375
10 0.21484375 0.54453125 0.0625 0.0359375
10 0.31015625 0.59375 0.0328125 0.059375
10 0.403125 0.59453125 0.034375 0.05625
10 0.56015625 0.58828125 0.0375 0.059375
10 0.765625 0.72734375 0.0875 0.028125
10 0.77109375 0.56640625 0.059375 0.0609375
10 0.38046875 0.65078125 0.084375 0.04375
5 0.11015625 0.32421875 0.075 0.046875
5 0.10703125 0.36796875 0.0796875 0.034375
5 0.10390625 0.40703125 0.08125 0.05
5 0.32109375 0.34453125 0.0375 0.075
5 0.45703125 0.37734375 0.078125 0.0359375
5 0.459375 0.42421875 0.078125 0.034375
5 0.77109375 0.65859375 0.0421875 0.0625
5 0.81796875 0.66484375 0.05 0.0703125
5 0.621875 0.71484375 0.0359375 0.05625
5 0.46640625 0.71875 0.0359375 0.071875