3 0.83828125 0.13984375 0.2484375 0.2796875
2 0.4765625 0.61640625 0.496875 0.7671875
0 0.76796875 0.6375 0.2171875 0.3125
5 0.9515625 0.52578125 0.096875 0.1015625
5 0.96328125 0.67265625 0.0734375 0.1140625
5 0.9765625 0.815625 0.046875 0.10625
5 0.69296875 0.3171875 0.1125 0.109375
5 0.67265625 0.0984375 0.0828125 0.175
5 0.590625 0.12734375 0.0890625 0.1921875
5 0.5015625 0.13046875 0.0859375 0.1828125
5 0.4171875 0.14609375 0.0875 0.1796875
5 0.32421875 0.15859375 0.0875 0.196875
5 0.23828125 0.18125 0.09375 0.1984375
10 0.1375 0.265625 0.2125 0.3828125
10 0.23359375 0.77734375 0.2078125 0.4421875
5 0.79453125 0.86640625 0.128125 0.1203125
10 0.7140625 0.43828125 0.10625 0.0984375
10 0.9296875 0.375 0.1140625 0.115625