12 0.09921875 0.50703125 0.121875 0.375
0 0.38359375 0.18671875 0.11875 0.125
0 0.38359375 0.41640625 0.0984375 0.121875
0 0.384375 0.63359375 0.109375 0.1328125
0 0.38671875 0.85078125 0.103125 0.14375
13 0.63203125 0.23671875 0.08125 0.040625
13 0.63515625 0.45234375 0.0796875 0.0484375
13 0.63359375 0.65 0.08125 0.0515625
13 0.63515625 0.875 0.090625 0.046875
10 0.28046875 0.16171875 0.08125 0.10625
10 0.2625 0.3875 0.0859375 0.0984375
10 0.25703125 0.584375 0.0984375 0.10625
10 0.26796875 0.825 0.071875 0.10625
1 0.521875 0.234375 0.078125 0.0984375
1 0.52265625 0.44765625 0.0546875 0.0796875
1 0.528125 0.64609375 0.06875 0.0875
1 0.51953125 0.87421875 0.0671875 0.0671875
5 0.63203125 0.79296875 0.171875 0.109375
5 0.61796875 0.58046875 0.1640625 0.08125
5 0.625 0.378125 0.1671875 0.0734375
5 0.63046875 0.16171875 0.1734375 0.084375
12 0.89140625 0.50390625 0.125 0.5609375