12 0.4734375 0.3578125 0.353125 0.109375
0 0.49453125 0.57109375 0.0671875 0.0703125
0 0.51953125 0.9171875 0.0609375 0.0625
7 0.4453125 0.921875 0.05 0.05
10 0.403125 0.5796875 0.0234375 0.0109375
10 0.58671875 0.56484375 0.021875 0.015625
10 0.40625 0.61796875 0.0265625 0.0171875
1 0.5953125 0.8921875 0.040625 0.0171875
10 0.52890625 0.88203125 0.021875 0.0171875
5 0.5921875 0.61015625 0.0234375 0.0203125
5 0.59140625 0.64921875 0.03125 0.015625
5 0.59375 0.690625 0.0234375 0.0140625
5 0.4875 0.7 0.0390625 0.0296875
5 0.490625 0.7421875 0.0390625 0.0296875
5 0.49375 0.82421875 0.0359375 0.025
5 0.6 0.92109375 0.0453125 0.0265625
5 0.42734375 0.8890625 0.021875 0.0109375
5 0.48046875 0.8875 0.0265625 0.015625