12 0.49921875 0.11796875 0.375 0.234375
0 0.49296875 0.58359375 0.2234375 0.14375
0 0.48984375 0.32890625 0.125 0.090625
10 0.24296875 0.9 0.178125 0.075
5 0.4875 0.89296875 0.1 0.034375
5 0.728125 0.89375 0.11875 0.04375
5 0.453125 0.74921875 0.0546875 0.0671875
5 0.5375 0.75 0.05 0.0625
5 0.69765625 0.53828125 0.0359375 0.046875
5 0.76875 0.53828125 0.0421875 0.05
5 0.69609375 0.62421875 0.0359375 0.0546875
5 0.76328125 0.62890625 0.0484375 0.053125
1 0.73671875 0.80078125 0.10625 0.040625
1 0.24375 0.79765625 0.1171875 0.04375
1 0.86171875 0.08515625 0.1046875 0.0390625
1 0.1125 0.08125 0.1171875 0.04375
5 0.11171875 0.16953125 0.071875 0.025
5 0.35546875 0.31484375 0.05625 0.0609375
2 0.61640625 0.31640625 0.065625 0.05625
10 0.71875 0.3125 0.0625 0.05625
10 0.203125 0.53984375 0.040625 0.046875
10 0.2875 0.53828125 0.046875 0.046875
10 0.20859375 0.628125 0.0359375 0.05625
10 0.28515625 0.628125 0.0421875 0.046875
5 0.86640625 0.16640625 0.071875 0.021875