9 0.6171875 0.68984375 0.2109375 0.3828125
0 0.690625 0.26796875 0.23125 0.1953125
13 0.96953125 0.45703125 0.0390625 0.1921875
13 0.81640625 0.09296875 0.0359375 0.1859375
13 0.5921875 0.11796875 0.084375 0.0578125
5 0.93515625 0.48515625 0.0421875 0.3078125
5 0.8921875 0.4984375 0.0453125 0.3375
5 0.8546875 0.74765625 0.0390625 0.225
5 0.8078125 0.73828125 0.0390625 0.234375
5 0.7515625 0.66484375 0.0375 0.2453125
5 0.5203125 0.11328125 0.0484375 0.1671875
5 0.56171875 0.28828125 0.0265625 0.1171875
5 0.5234375 0.3015625 0.0359375 0.14375
5 0.521875 0.4453125 0.0359375 0.13125
5 0.740625 0.4390625 0.0515625 0.0640625
10 0.74140625 0.08828125 0.0921875 0.1765625
3 0.671875 0.07890625 0.05625 0.1578125