12 0.12734375 0.27578125 0.165625 0.41875
12 0.12890625 0.71171875 0.1609375 0.4359375
12 0.934375 0.709375 0.0734375 0.215625
12 0.92265625 0.31171875 0.075 0.25625
0 0.78828125 0.41328125 0.153125 0.14375
0 0.78984375 0.57734375 0.1421875 0.1171875
7 0.67265625 0.88046875 0.0625 0.084375
7 0.67265625 0.13046875 0.065625 0.075
13 0.66328125 0.271875 0.034375 0.115625
13 0.66328125 0.728125 0.0421875 0.1125
1 0.81796875 0.92265625 0.0484375 0.10625
1 0.80859375 0.08828125 0.05 0.115625
5 0.74921875 0.215625 0.034375 0.09375
5 0.81640625 0.215625 0.03125 0.0875
5 0.759375 0.771875 0.04375 0.103125
5 0.81953125 0.77890625 0.0390625 0.090625
4 0.41875 0.25625 0.40625 0.440625
4 0.41875 0.703125 0.4109375 0.4171875