12 0.12734375 0.48984375 0.246875 0.4625
0 0.64765625 0.66953125 0.1765625 0.2421875
0 0.63125 0.19765625 0.321875 0.2859375
1 0.34609375 0.75078125 0.0984375 0.0671875
13 0.36015625 0.49453125 0.0859375 0.0671875
13 0.353125 0.42265625 0.075 0.06875
13 0.35390625 0.33515625 0.0703125 0.078125
1 0.73125 0.49609375 0.09375 0.05625
5 0.35234375 0.65546875 0.06875 0.059375
10 0.359375 0.58046875 0.0609375 0.0421875
10 0.56171875 0.40859375 0.0859375 0.05
10 0.5625 0.50234375 0.0671875 0.046875
5 0.73671875 0.41796875 0.0734375 0.040625
5 0.359375 0.25078125 0.06875 0.0421875
5 0.35078125 0.17265625 0.0703125 0.0484375
5 0.34921875 0.0875 0.075 0.040625