9 0.3328125 0.77265625 0.2296875 0.4140625
5 0.390625 0.45078125 0.1265625 0.0953125
13 0.07734375 0.18984375 0.053125 0.0671875
13 0.0703125 0.11796875 0.05625 0.0796875
13 0.0234375 0.1671875 0.046875 0.146875
13 0.0515625 0.60625 0.034375 0.1109375
10 0.1 0.62421875 0.028125 0.078125
10 0.071875 0.5796875 0.01875 0.05
5 0.07734375 0.6328125 0.0171875 0.046875
5 0.0953125 0.56171875 0.028125 0.0359375
0 0.16171875 0.5328125 0.0828125 0.2140625
5 0.2015625 0.26640625 0.0296875 0.0453125
5 0.22890625 0.44140625 0.01875 0.0609375
5 0.2203125 0.5046875 0.0203125 0.0609375
10 0.23515625 0.51640625 0.01875 0.0578125
10 0.1578125 0.3359375 0.0734375 0.134375
5 0.2390625 0.321875 0.0359375 0.0421875
5 0.2625 0.26171875 0.0390625 0.053125