15 0.815625 0.09765625 0.340625 0.19375
2 0.140625 0.55625 0.1359375 0.228125
2 0.071875 0.82890625 0.121875 0.228125
13 0.16875 0.784375 0.053125 0.2
13 0.36484375 0.6625 0.040625 0.153125
13 0.928125 0.56484375 0.0546875 0.175
13 0.79921875 0.315625 0.059375 0.1671875
1 0.753125 0.675 0.028125 0.096875
1 0.46796875 0.59296875 0.025 0.10625
5 0.37890625 0.43125 0.10625 0.103125
5 0.275 0.49375 0.04375 0.0421875
5 0.41484375 0.58671875 0.021875 0.09375
5 0.415625 0.84609375 0.046875 0.046875
5 0.41484375 0.91015625 0.04375 0.0484375
5 0.76953125 0.51171875 0.0234375 0.09375
5 0.846875 0.48515625 0.05 0.046875
5 0.84921875 0.61171875 0.053125 0.046875
5 0.81328125 0.69375 0.028125 0.090625
5 0.853125 0.7125 0.028125 0.1
7 0.9 0.70859375 0.04375 0.090625
7 0.4125 0.74921875 0.046875 0.0859375
0 0.271875 0.7125 0.0984375 0.2984375
0 0.60703125 0.59921875 0.1484375 0.540625
12 0.91875 0.33671875 0.1609375 0.2
12 0.790625 0.87578125 0.190625 0.215625
10 0.725 0.51328125 0.0234375 0.09375
10 0.05 0.584375 0.0359375 0.103125
10 0.46953125 0.74296875 0.028125 0.0828125
10 0.84765625 0.55078125 0.0421875 0.05