14 0.3671875 0.465625 0.6359375 0.2703125
12 0.96015625 0.28671875 0.06875 0.2515625
12 0.98046875 0.55 0.0390625 0.128125
5 0.92109375 0.43515625 0.0890625 0.0515625
5 0.89765625 0.5109375 0.1390625 0.0453125
5 0.9015625 0.58671875 0.1125 0.04375
5 0.91796875 0.66171875 0.1125 0.0390625
5 0.57734375 0.6453125 0.090625 0.1453125
5 0.44921875 0.646875 0.0546875 0.1109375
5 0.3 0.659375 0.053125 0.09375
5 0.15 0.66328125 0.059375 0.1078125
12 0.9453125 0.72265625 0.059375 0.08125
14 0.8171875 0.38359375 0.10625 0.04375
14 0.81484375 0.34921875 0.103125 0.0359375
14 0.8109375 0.32734375 0.0984375 0.03125
14 0.8078125 0.3015625 0.090625 0.034375
14 0.803125 0.26875 0.0953125 0.034375
14 0.8046875 0.240625 0.1015625 0.0296875
14 0.8015625 0.21484375 0.103125 0.0296875
14 0.8 0.1875 0.10625 0.040625