12 0.69609375 0.28515625 0.55 0.546875
4 0.195118696875 0.6212946953125 0.1954879296875 0.6230317953125 0.48710664843749996 0.75186293125 0.6824010765625 0.44285210625 0.68007480625 0.43190786562500005 0.40065349531249994 0.292687525 0.3891104515625 0.295141075 0.195118696875 0.6212946953125
4 0.47837930625 0.75901270625 0.4798218515625 0.765799353125 0.75177768125 0.8620829156250001 0.752925059375 0.8618390343750001 0.9424906828124999 0.56239295 0.6654628828125 0.4568427421875 0.6636095156249999 0.4572366875 0.47837930625 0.75901270625
12 0.22109375 0.83828125 0.1671875 0.165625
12 0.44921875 0.9171875 0.1921875 0.165625
1 0.6203125 0.846875 0.06875 0.0640625
5 0.55078125 0.82109375 0.065625 0.0609375
7 0.16953125 0.5828125 0.08125 0.08125
1 0.121875 0.67578125 0.065625 0.0609375
5 0.2 0.703125 0.0578125 0.05625
5 0.22578125 0.6578125 0.0640625 0.0515625
0 0.3484375 0.74921875 0.146875 0.1421875
0 0.44375 0.78984375 0.115625 0.10625