12 0.54921875 0.128125 0.6109375 0.25625
1 0.1578125 0.0125 0.065625 0.025
1 0.971875 0.10859375 0.05625 0.0546875
5 0.15234375 0.0625 0.046875 0.0421875
5 0.96875 0.18046875 0.0609375 0.0546875
5 0.40859375 0.36328125 0.0890625 0.0296875
5 0.5203125 0.378125 0.0671875 0.025
5 0.6484375 0.396875 0.0734375 0.0296875
5 0.059375 0.4171875 0.0546875 0.0515625
5 0.175 0.43359375 0.0546875 0.04375
5 0.4453125 0.57265625 0.025 0.025
5 0.49765625 0.57734375 0.0328125 0.025
5 0.5484375 0.5828125 0.034375 0.028125
5 0.596875 0.69453125 0.0984375 0.0421875
5 0.6 0.7375 0.0859375 0.0390625
5 0.58359375 0.82890625 0.0828125 0.0328125
5 0.5671875 0.875 0.0875 0.0375
5 0.259375 0.83125 0.0921875 0.0359375
5 0.36484375 0.93671875 0.0859375 0.0390625
10 0.3078125 0.4171875 0.103125 0.040625
10 0.3265625 0.446875 0.05625 0.0203125
6 0.32421875 0.67578125 0.153125 0.11875
6 0.87734375 0.52734375 0.115625 0.1203125
1 0.521875 0.96171875 0.1015625 0.0453125
12 0.03828125 0.72578125 0.0765625 0.3921875
12 0.9171875 0.83046875 0.125 0.3390625