9 0.45625 0.56796875 0.2796875 0.253125
1 0.58828125 0.965625 0.1265625 0.06875
1 0.54375 0.86015625 0.1421875 0.115625
1 0.50390625 0.7328125 0.1265625 0.1171875
1 0.38359375 0.365625 0.1453125 0.1171875
1 0.34609375 0.234375 0.15 0.1078125
1 0.31015625 0.09296875 0.134375 0.1265625
10 0.384375 0.1171875 0.059375 0.04375
10 0.446875 0.30546875 0.0671875 0.053125
10 0.4671875 0.378125 0.05 0.0421875
10 0.5625 0.6890625 0.05625 0.053125
10 0.590625 0.75859375 0.0578125 0.053125
10 0.65078125 0.94375 0.0671875 0.071875