12 0.428125 0.146875 0.634375 0.29375
1 0.02421875 0.1546875 0.0484375 0.0625
5 0.03046875 0.2203125 0.0515625 0.046875
5 0.853125 0.034375 0.065625 0.059375
5 0.3859375 0.4140625 0.0921875 0.0375
5 0.496875 0.38671875 0.06875 0.03125
5 0.6265625 0.35859375 0.0765625 0.034375
5 0.07265625 0.5921875 0.059375 0.05625
5 0.18828125 0.56640625 0.059375 0.0484375
5 0.49765625 0.6 0.0265625 0.0265625
5 0.5484375 0.584375 0.0359375 0.028125
5 0.5984375 0.571875 0.0390625 0.03125
5 0.68515625 0.6609375 0.1015625 0.0515625
5 0.7046875 0.70078125 0.0890625 0.046875
5 0.7234375 0.79375 0.0875 0.040625
5 0.72421875 0.84375 0.0890625 0.0453125
5 0.41484375 0.91484375 0.09375 0.04375
5 0.55390625 0.9765625 0.0890625 0.046875
10 0.30859375 0.5015625 0.10625 0.0484375
10 0.33828125 0.5234375 0.059375 0.0234375
6 0.41875 0.7421875 0.1625 0.1328125
6 0.89296875 0.3984375 0.125 0.1296875
1 0.7125 0.9421875 0.1046875 0.0546875
12 0.12890625 0.853125 0.1796875 0.29375
12 0.9859375 0.69453125 0.028125 0.3796875