12 0.071875 0.553125 0.14375 0.290625
0 0.38984375 0.5609375 0.221875 0.2953125
12 0.1171875 0.91875 0.125 0.1625
0 0.1640625 0.35234375 0.1234375 0.115625
0 0.6171875 0.2921875 0.1203125 0.125
0 0.65234375 0.4140625 0.0671875 0.1015625
0 0.65703125 0.6390625 0.065625 0.0984375
11 0.55390625 0.6578125 0.059375 0.0921875
1 0.50078125 0.32421875 0.0953125 0.103125
5 0.20703125 0.446875 0.040625 0.03125
5 0.153125 0.48828125 0.025 0.021875
5 0.16015625 0.51953125 0.025 0.0234375
5 0.246875 0.53046875 0.03125 0.0234375
5 0.246875 0.56171875 0.0265625 0.0328125
5 0.18359375 0.6296875 0.040625 0.08125
5 0.15703125 0.7609375 0.040625 0.0765625
0 0.2515625 0.7328125 0.0875 0.0875
13 0.303125 0.81015625 0.0515625 0.05
5 0.23203125 0.815625 0.0296875 0.028125
5 0.42734375 0.3375 0.0390625 0.0765625
5 0.5375 0.5484375 0.0234375 0.0234375
5 0.72265625 0.63046875 0.028125 0.0734375
5 0.7609375 0.62109375 0.03125 0.05625
1 0.01015625 0.134375 0.0203125 0.109375
1 0.015625 0.24453125 0.03125 0.1234375
1 0.85390625 0.021875 0.1140625 0.04375
10 0.240625 0.334375 0.01875 0.0515625
10 0.26640625 0.39765625 0.0203125 0.046875
10 0.2875 0.390625 0.0234375 0.046875
10 0.52265625 0.4640625 0.0328125 0.0296875
10 0.53046875 0.5078125 0.021875 0.0296875
10 0.71328125 0.41640625 0.021875 0.04375
10 0.66328125 0.5046875 0.0390625 0.028125
10 0.6421875 0.55078125 0.034375 0.0234375
10 0.5453125 0.59140625 0.0390625 0.028125
10 0.35859375 0.759375 0.034375 0.0234375
10 0.4671875 0.73359375 0.040625 0.0359375
10 0.25390625 0.5890625 0.028125 0.028125
10 0.2609375 0.61953125 0.025 0.021875
10 0.25234375 0.66953125 0.021875 0.025
10 0.37890625 0.34921875 0.0234375 0.04375
10 0.70546875 0.2703125 0.0171875 0.0453125