0 0.22734375 0.209375 0.1171875 0.2375
0 0.35390625 0.20625 0.10625 0.2328125
0 0.484375 0.19453125 0.10625 0.2171875
0 0.62109375 0.19375 0.10625 0.215625
0 0.75 0.19140625 0.1109375 0.2234375
2 0.23984375 0.70859375 0.0984375 0.153125
14 0.48671875 0.59296875 0.1765625 0.1765625
6 0.61328125 0.703125 0.065625 0.1234375
6 0.69375 0.71015625 0.071875 0.1171875
6 0.77421875 0.70859375 0.075 0.121875
7 0.24609375 0.59921875 0.034375 0.0546875
13 0.19921875 0.60078125 0.0421875 0.04375
13 0.63203125 0.48359375 0.0671875 0.053125
0 0.24296875 0.48984375 0.103125 0.0796875
0 0.35703125 0.53125 0.0625 0.171875
0 0.35546875 0.70390625 0.05625 0.1609375
0 0.49140625 0.73125 0.053125 0.0875
0 0.609375 0.559375 0.034375 0.09375
5 0.28203125 0.60078125 0.015625 0.046875
5 0.275 0.55546875 0.021875 0.028125
5 0.47265625 0.48671875 0.03125 0.0359375
5 0.540625 0.48671875 0.03125 0.025
10 0.425 0.459375 0.028125 0.01875
10 0.42578125 0.48671875 0.03125 0.0234375
10 0.74375 0.540625 0.121875 0.171875
10 0.64921875 0.54609375 0.0125 0.04375
10 0.65703125 0.58203125 0.028125 0.0234375
10 0.65859375 0.609375 0.025 0.021875
5 0.13203125 0.42421875 0.021875 0.04375
5 0.11328125 0.428125 0.015625 0.046875
5 0.56015625 0.69296875 0.028125 0.028125
5 0.56171875 0.715625 0.028125 0.0203125
5 0.56171875 0.74140625 0.028125 0.0234375
5 0.5625 0.76640625 0.025 0.01875
5 0.42578125 0.76484375 0.025 0.015625
10 0.425 0.72734375 0.025 0.025