1 0.5296875 0.8375 0.25 0.325
3 0.49453125 0.29921875 0.3203125 0.209375
1 0.246875 0.728125 0.134375 0.1140625
1 0.1984375 0.1484375 0.13125 0.1109375
0 0.509375 0.540625 0.2796875 0.1421875
7 0.23046875 0.6328125 0.1109375 0.0734375
10 0.79765625 0.66796875 0.115625 0.040625
10 0.77890625 0.47578125 0.1171875 0.0359375
5 0.7859375 0.61875 0.1203125 0.04375
5 0.778125 0.57265625 0.109375 0.0421875
5 0.7796875 0.5265625 0.08125 0.0421875
5 0.22890625 0.5625 0.0921875 0.040625
5 0.2203125 0.5171875 0.071875 0.034375
5 0.20703125 0.3171875 0.09375 0.05
5 0.39921875 0.14296875 0.1171875 0.059375
5 0.7359375 0.121875 0.0953125 0.053125
5 0.7515625 0.28125 0.1 0.0453125