12 0.04921875 0.68046875 0.059375 0.3375
5 0.19921875 0.66484375 0.04375 0.1609375
10 0.51015625 0.78203125 0.1359375 0.0796875
10 0.68984375 0.37734375 0.0671875 0.140625
12 0.83046875 0.84609375 0.153125 0.303125
13 0.07265625 0.178125 0.05 0.10625
5 0.1375 0.20546875 0.05 0.1296875
5 0.50703125 0.059375 0.1328125 0.059375
5 0.67578125 0.646875 0.0546875 0.1484375
5 0.25078125 0.89140625 0.1375 0.065625
5 0.73046875 0.13046875 0.05625 0.184375
5 0.84296875 0.13046875 0.053125 0.178125
5 0.26171875 0.046875 0.178125 0.04375
5 0.19453125 0.396875 0.059375 0.184375
5 0.309375 0.38828125 0.0703125 0.1859375
10 0.315625 0.58984375 0.115625 0.2046875
10 0.30703125 0.76796875 0.109375 0.1671875
10 0.50078125 0.16875 0.140625 0.090625
5 0.54375 0.90859375 0.1953125 0.0734375
0 0.496875 0.43984375 0.184375 0.428125
3 0.834375 0.4 0.1671875 0.184375
3 0.85078125 0.59140625 0.171875 0.1859375
1 0.29921875 0.13984375 0.1171875 0.1671875