12 0.484375 0.9265625 0.25 0.146875
0 0.26640625 0.5953125 0.178125 0.103125
0 0.7140625 0.628125 0.259375 0.1265625
0 0.5265625 0.240625 0.290625 0.1375
1 0.68828125 0.096875 0.109375 0.0453125
5 0.390625 0.08203125 0.1 0.0390625
10 0.3171875 0.2953125 0.053125 0.0546875
10 0.7296875 0.321875 0.075 0.0671875
10 0.371875 0.46875 0.0609375 0.065625
10 0.6421875 0.4875 0.0578125 0.0703125
5 0.50390625 0.48046875 0.05 0.065625
5 0.41328125 0.384375 0.10625 0.0375
5 0.60390625 0.39375 0.09375 0.0328125