2 0.2543264328125 1 0.51377919375 0.9839647749999999 0.4842042109375 0.6560943609375001 0.2341617140625 0.7146426640625 0.2543264328125 1
2 0.58828125 0.47265625 0.2546875 0.3109375
0 0.84765625 0.80859375 0.2671875 0.265625
0 0.31875 0.37578125 0.2 0.3421875
0 0.78984375 0.29453125 0.11875 0.146875
10 0.10390625 0.36796875 0.18125 0.2234375
10 0.83203125 0.5375 0.1859375 0.221875
10 0.146875 0.87890625 0.13125 0.18125
13 0.56484375 0.79375 0.0796875 0.18125
13 0.05234375 0.871875 0.05 0.1875
0 0.50546875 0.2625 0.08125 0.10625
13 0.15703125 0.58359375 0.115625 0.0859375
3 0.39765625 0.090625 0.2125 0.16875
3 0.61328125 0.08671875 0.2046875 0.16875
3 0.83125 0.07578125 0.209375 0.1515625
5 0.57109375 0.67109375 0.05625 0.0234375
5 0.65 0.67265625 0.0546875 0.028125
10 0.73515625 0.671875 0.0390625 0.0296875
5 0.209375 0.10390625 0.025 0.06875
10 0.58671875 0.26015625 0.01875 0.059375
10 0.684375 0.265625 0.0203125 0.046875
1 0.925 0.23359375 0.028125 0.1046875
1 0.93046875 0.346875 0.0296875 0.078125
1 0.94453125 0.45 0.03125 0.084375
5 0.63984375 0.271875 0.028125 0.071875
5 0.89296875 0.28515625 0.021875 0.05625
5 0.89296875 0.36015625 0.01875 0.05
5 0.62734375 0.78125 0.025 0.0734375