12 0.7015625 0.08046875 0.375 0.1609375
12 0.571875 0.87265625 0.446875 0.2546875
12 0.23125 0.1234375 0.371875 0.23125
6 0.92734375 0.6640625 0.1453125 0.146875
6 0.771875 0.67578125 0.15 0.1453125
6 0.59609375 0.69140625 0.1546875 0.146875
6 0.42890625 0.703125 0.15 0.146875
6 0.253125 0.7171875 0.171875 0.1515625
6 0.09140625 0.73828125 0.1515625 0.1625
13 0.84609375 0.49765625 0.059375 0.1203125
13 0.6796875 0.5203125 0.046875 0.090625
13 0.5171875 0.5296875 0.0421875 0.10625
13 0.346875 0.55390625 0.0453125 0.084375
13 0.184375 0.5703125 0.0390625 0.0765625
13 0.0203125 0.590625 0.0359375 0.1
15 0.92734375 0.38046875 0.1203125 0.3578125
15 0.7578125 0.409375 0.128125 0.3703125
15 0.58828125 0.4171875 0.1375 0.3671875
15 0.421875 0.43671875 0.125 0.3625
15 0.24765625 0.45859375 0.1421875 0.3640625
15 0.075 0.465625 0.15 0.4015625
1 0.83125 0.37734375 0.0578125 0.0734375
1 0.66640625 0.3984375 0.0453125 0.0703125
1 0.49765625 0.4125 0.0453125 0.0703125
1 0.33984375 0.43671875 0.04375 0.065625
1 0.16953125 0.45546875 0.05625 0.075
1 0.0171875 0.471875 0.034375 0.078125
1 0.28046875 0.96015625 0.0859375 0.0796875
5 0.265625 0.89453125 0.071875 0.0609375
5 0.821875 0.26796875 0.0453125 0.121875
5 0.65390625 0.2796875 0.0375 0.1046875
5 0.48984375 0.3078125 0.0421875 0.10625
5 0.32578125 0.309375 0.05 0.13125
5 0.159375 0.334375 0.046875 0.096875
5 0.0109375 0.34453125 0.021875 0.1421875