12 0.5515625 0.103125 0.471875 0.20625
0 0.5375 0.271875 0.1328125 0.09375
0 0.48359375 0.61875 0.190625 0.125
0 0.62578125 0.925 0.1328125 0.0828125
0 0.44609375 0.90546875 0.13125 0.0875
5 0.503125 0.77265625 0.0984375 0.05
5 0.26171875 0.8921875 0.0875 0.0390625
10 0.421875 0.2171875 0.059375 0.021875
10 0.41640625 0.24140625 0.0546875 0.0203125
10 0.65625 0.5546875 0.0265625 0.034375
10 0.61875 0.55078125 0.0265625 0.034375
10 0.45 0.7015625 0.0625 0.0328125
10 0.41328125 0.8515625 0.06875 0.0265625
1 0.25703125 0.8546875 0.125 0.0546875
1 0.51328125 0.409375 0.1234375 0.0578125
5 0.51015625 0.44765625 0.0984375 0.05
5 0.6734375 0.88984375 0.046875 0.0234375
5 0.53671875 0.86796875 0.05 0.028125
5 0.375 0.51796875 0.028125 0.0328125
5 0.33671875 0.5125 0.025 0.0328125