8 0.36171875 0.73203125 0.16875 0.215625
3 0.046875 0.69453125 0.0625 0.1234375
12 0.94609375 0.4828125 0.1078125 0.6
7 0.996875 0.878125 0.00625 0.03125
7 0.98828125 0.91484375 0.0171875 0.0296875
7 0.9828125 0.88125 0.0140625 0.03125
7 0.971875 0.81328125 0.0171875 0.034375
7 0.97109375 0.91875 0.015625 0.0265625
7 0.9515625 0.921875 0.01875 0.0265625
7 0.96484375 0.88671875 0.0140625 0.0296875
7 0.959375 0.85234375 0.0140625 0.028125
7 0.95546875 0.8171875 0.015625 0.0296875
7 0.95 0.78203125 0.0140625 0.03125
7 0.94296875 0.7484375 0.0140625 0.028125
7 0.925 0.75390625 0.015625 0.034375
13 0.93984375 0.6640625 0.0203125 0.025
13 0.91328125 0.65703125 0.0234375 0.0296875
13 0.93515625 0.640625 0.021875 0.0234375
13 0.93359375 0.61875 0.025 0.0296875
13 0.90625 0.60859375 0.021875 0.0265625
13 0.92578125 0.57109375 0.021875 0.0234375
13 0.9 0.5625 0.0234375 0.0296875
13 0.91640625 0.5015625 0.021875 0.0203125
13 0.8921875 0.51640625 0.025 0.0234375
13 0.9125 0.47890625 0.021875 0.021875
13 0.88359375 0.46953125 0.025 0.021875
13 0.88828125 0.49296875 0.025 0.0234375
13 0.90859375 0.4546875 0.021875 0.0234375
13 0.9203125 0.54375 0.0234375 0.028125
1 0.88125 0.153125 0.021875 0.03125
1 0.875 0.121875 0.021875 0.025
1 0.85625 0.15546875 0.0203125 0.0265625
1 0.83046875 0.15703125 0.01875 0.021875
1 0.80703125 0.165625 0.01875 0.021875
1 0.85234375 0.12578125 0.021875 0.0265625
1 0.82578125 0.1296875 0.01875 0.0234375
1 0.8015625 0.13203125 0.01875 0.021875
1 0.77109375 0.16875 0.0234375 0.028125
1 0.74765625 0.175 0.021875 0.0265625
1 0.72421875 0.17890625 0.021875 0.025
1 0.6984375 0.18203125 0.01875 0.0265625
1 0.665625 0.18984375 0.01875 0.0234375
1 0.640625 0.18984375 0.01875 0.021875
1 0.6171875 0.19609375 0.01875 0.0265625
1 0.59296875 0.196875 0.021875 0.0265625
1 0.7671875 0.1375 0.0203125 0.0203125
1 0.74296875 0.14296875 0.0171875 0.0234375
1 0.71875 0.15 0.01875 0.0234375
1 0.69453125 0.15078125 0.021875 0.0265625
1 0.66328125 0.1578125 0.01875 0.0265625
1 0.6359375 0.16171875 0.021875 0.028125
1 0.6125 0.16171875 0.021875 0.025
1 0.5890625 0.1703125 0.01875 0.0234375
1 0.41875 0.21015625 0.021875 0.03125
6 0.8671875 0.05 0.03125 0.08125
6 0.84375 0.05625 0.028125 0.0796875
6 0.8171875 0.06171875 0.034375 0.0796875
6 0.7953125 0.06640625 0.03125 0.08125
6 0.759375 0.06953125 0.03125 0.0828125
6 0.734375 0.0734375 0.03125 0.0859375
6 0.7109375 0.08203125 0.0296875 0.0765625
6 0.684375 0.08046875 0.0359375 0.0921875
6 0.65078125 0.08671875 0.03125 0.0890625
6 0.6265625 0.09140625 0.034375 0.0859375
6 0.60234375 0.09140625 0.0359375 0.096875
6 0.578125 0.1015625 0.034375 0.08125
6 0.53046875 0.18046875 0.05 0.0765625
6 0.475 0.1859375 0.046875 0.0796875
6 0.5140625 0.090625 0.0546875 0.08125
6 0.4609375 0.1015625 0.0515625 0.075
6 0.4109375 0.11328125 0.0515625 0.08125
6 0.35390625 0.13984375 0.0375 0.0890625
6 0.2625 0.175 0.053125 0.071875
7 0.31171875 0.23671875 0.01875 0.034375
7 0.29375 0.2390625 0.015625 0.03125
7 0.14453125 0.2625 0.0171875 0.03125
7 0.12734375 0.265625 0.0171875 0.03125
7 0.059375 0.28125 0.0171875 0.028125
6 0.21328125 0.21875 0.053125 0.0828125
6 0.20234375 0.14765625 0.0515625 0.071875
6 0.14921875 0.190625 0.0609375 0.0953125
6 0.03125 0.21796875 0.0546875 0.084375
14 0.18671875 0.42578125 0.3734375 0.3078125
0 0.23515625 0.775 0.090625 0.1953125
0 0.14765625 0.7890625 0.0828125 0.1859375
13 0.0921875 0.8671875 0.0140625 0.0359375
13 0.0796875 0.86640625 0.0140625 0.0359375
13 0.06796875 0.86796875 0.0140625 0.0375
5 0.075 0.67109375 0.0171875 0.03125
5 0.19453125 0.7609375 0.0109375 0.015625
5 0.10390625 0.77890625 0.0109375 0.0171875
5 0.18984375 0.740625 0.015625 0.0203125
5 0.1 0.7625 0.015625 0.0171875
10 0.23359375 0.8796875 0.01875 0.0203125
10 0.14375 0.89609375 0.015625 0.0171875
10 0.08671875 0.9109375 0.0125 0.03125
10 0.1046875 0.86953125 0.0140625 0.0296875
7 0.2890625 0.9890625 0.0125 0.021875
7 0.2453125 0.99296875 0.01875 0.0140625
7 0.22890625 0.99453125 0.0171875 0.0109375
7 0.30390625 0.959375 0.0171875 0.028125
7 0.28671875 0.96171875 0.0140625 0.028125
7 0.24140625 0.96875 0.01875 0.03125
7 0.22265625 0.97109375 0.01875 0.0296875
7 0.17421875 0.9765625 0.0171875 0.028125
7 0.1578125 0.97890625 0.0171875 0.028125
7 0.31640625 0.9203125 0.0171875 0.03125
7 0.29921875 0.9203125 0.0171875 0.03125
7 0.2796875 0.92734375 0.0171875 0.0328125
7 0.23515625 0.93125 0.0171875 0.0265625
7 0.215625 0.93515625 0.021875 0.0390625
7 0.16953125 0.94375 0.021875 0.03125
7 0.15234375 0.94765625 0.01875 0.0328125
5 0.14140625 0.984375 0.009375 0.025
5 0.2109375 0.996875 0.009375 0.00625
5 0.2015625 0.99765625 0.0125 0.0046875
1 0.20234375 0.971875 0.0171875 0.01875
1 0.26796875 0.96328125 0.015625 0.01875
5 0.32890625 0.98671875 0.0140625 0.015625
5 0.2765625 0.9921875 0.009375 0.015625
5 0.265625 0.99375 0.009375 0.0125
5 0.2578125 0.99375 0.0125 0.0125
5 0.3234375 0.95546875 0.0140625 0.015625
7 0.890625 0.21953125 0.01875 0.0265625
7 0.8703125 0.2203125 0.01875 0.0265625
7 0.85390625 0.2234375 0.01875 0.0265625
7 0.8359375 0.228125 0.01875 0.028125
7 0.8171875 0.2296875 0.0234375 0.03125
7 0.79921875 0.23515625 0.021875 0.03125
7 0.7828125 0.2375 0.0203125 0.028125
7 0.7640625 0.23828125 0.0234375 0.0296875
7 0.7453125 0.24140625 0.0234375 0.0296875
7 0.7265625 0.24609375 0.025 0.034375
13 0.43125 0.28984375 0.0125 0.0390625
13 0.4171875 0.29296875 0.0140625 0.0390625
7 0.70859375 0.2484375 0.01875 0.028125
7 0.68984375 0.25390625 0.021875 0.03125
7 0.671875 0.25703125 0.0203125 0.03125
7 0.65234375 0.25859375 0.021875 0.03125
7 0.6359375 0.2625 0.021875 0.03125
7 0.61796875 0.2640625 0.0234375 0.0328125
7 0.60234375 0.26796875 0.0234375 0.0328125
7 0.58125 0.27265625 0.0234375 0.0328125
7 0.56171875 0.275 0.025 0.034375
7 0.54453125 0.278125 0.0203125 0.0359375
7 0.52734375 0.28125 0.0203125 0.03125
7 0.509375 0.2828125 0.021875 0.03125
7 0.49140625 0.28671875 0.0234375 0.0328125
7 0.471875 0.28671875 0.025 0.0328125
10 0.446875 0.29765625 0.0171875 0.0203125
10 0.44453125 0.27421875 0.0171875 0.021875
10 0.4046875 0.31015625 0.01875 0.021875
5 0.4046875 0.2890625 0.009375 0.021875
5 0.3953125 0.28515625 0.0125 0.028125
5 0.38671875 0.28984375 0.0109375 0.0296875
5 0.8875 0.19453125 0.0171875 0.021875
5 0.86875 0.19375 0.0171875 0.0125
5 0.85 0.19765625 0.015625 0.0140625
5 0.83125 0.20078125 0.0171875 0.0203125
5 0.81328125 0.20390625 0.0171875 0.015625
5 0.79453125 0.2046875 0.01875 0.0203125
5 0.77578125 0.209375 0.015625 0.0140625
5 0.7578125 0.2140625 0.0125 0.0140625
5 0.7390625 0.2171875 0.015625 0.0171875
5 0.721875 0.21640625 0.01875 0.0203125
5 0.70390625 0.2234375 0.0171875 0.021875
5 0.68515625 0.22421875 0.01875 0.0203125
5 0.66640625 0.22890625 0.015625 0.015625
5 0.6484375 0.2296875 0.015625 0.0234375
5 0.6296875 0.23515625 0.015625 0.015625
5 0.6125 0.23671875 0.015625 0.0140625
5 0.59453125 0.240625 0.015625 0.009375
5 0.57734375 0.24453125 0.0125 0.015625
5 0.56015625 0.24609375 0.0125 0.015625
5 0.53984375 0.24921875 0.01875 0.0203125
5 0.52109375 0.2515625 0.0140625 0.0140625
5 0.50546875 0.25234375 0.0171875 0.015625
5 0.48359375 0.25703125 0.0203125 0.01875
5 0.4671875 0.2609375 0.015625 0.01875
7 0.940625 0.85625 0.0171875 0.034375
7 0.93515625 0.8203125 0.0140625 0.0328125
7 0.88125 0.89765625 0.0203125 0.034375
7 0.865625 0.7953125 0.015625 0.03125
7 0.86015625 0.76328125 0.015625 0.03125
7 0.8203125 0.94296875 0.0171875 0.0265625
7 0.8015625 0.9484375 0.015625 0.021875
7 0.78125 0.9484375 0.0140625 0.028125
7 0.76484375 0.9515625 0.015625 0.0265625
7 0.74609375 0.9546875 0.0171875 0.0265625
7 0.7265625 0.9578125 0.0171875 0.0265625
7 0.79609375 0.9125 0.0171875 0.034375
7 0.7765625 0.91796875 0.0140625 0.0296875
7 0.7578125 0.91875 0.0171875 0.03125
7 0.7421875 0.9234375 0.0125 0.025
7 0.72265625 0.92734375 0.015625 0.025
7 0.77109375 0.88203125 0.0125 0.025
7 0.75234375 0.88671875 0.0140625 0.0328125
7 0.73671875 0.8890625 0.01875 0.03125
7 0.7171875 0.890625 0.015625 0.028125
7 0.78671875 0.84609375 0.015625 0.03125
7 0.7671875 0.84453125 0.015625 0.03125
7 0.74765625 0.84765625 0.0171875 0.0375
7 0.7296875 0.85078125 0.015625 0.028125
7 0.7109375 0.85625 0.015625 0.03125
7 0.72578125 0.8203125 0.0125 0.0296875
7 0.70703125 0.821875 0.015625 0.0296875
7 0.7953125 0.77109375 0.01875 0.0359375
7 0.7765625 0.77421875 0.015625 0.0296875
7 0.75859375 0.77734375 0.01875 0.0296875
7 0.73828125 0.7828125 0.015625 0.03125
7 0.71953125 0.78359375 0.015625 0.03125
7 0.70078125 0.78828125 0.0171875 0.028125
7 0.76953125 0.73828125 0.0171875 0.028125
7 0.7328125 0.74609375 0.015625 0.0296875
7 0.69609375 0.75234375 0.01875 0.0328125
7 0.64375 0.97265625 0.0171875 0.0234375
7 0.625 0.975 0.0140625 0.0234375
7 0.63984375 0.93984375 0.01875 0.0296875
7 0.61953125 0.94453125 0.0140625 0.0296875
7 0.634375 0.90546875 0.01875 0.0296875
7 0.61484375 0.90859375 0.015625 0.03125
7 0.6296875 0.8734375 0.015625 0.0328125
7 0.60859375 0.8765625 0.0171875 0.0296875
7 0.625 0.83828125 0.0203125 0.03125
7 0.60390625 0.840625 0.01875 0.0375
7 0.61953125 0.803125 0.0171875 0.03125
7 0.5984375 0.80625 0.015625 0.034375
7 0.6125 0.765625 0.0203125 0.0359375
7 0.59453125 0.7703125 0.0203125 0.0375
7 0.63125 0.7625 0.01875 0.0296875
7 0.52578125 0.9890625 0.0171875 0.021875
7 0.50859375 0.98828125 0.0171875 0.0234375
7 0.503125 0.96328125 0.015625 0.0296875
7 0.49765625 0.93046875 0.0125 0.0296875
7 0.46484375 0.96796875 0.0171875 0.028125
7 0.4515625 0.9953125 0.0125 0.009375
7 0.45859375 0.93671875 0.015625 0.0296875
7 0.4453125 0.971875 0.0140625 0.0359375
7 0.43984375 0.9375 0.0171875 0.03125
7 0.434375 0.9078125 0.015625 0.0296875
7 0.428125 0.8703125 0.01875 0.0359375
7 0.41484375 0.9703125 0.021875 0.0453125
10 0.48671875 0.8828125 0.01875 0.03125
10 0.56328125 0.96953125 0.0171875 0.0171875
10 0.4671875 0.88359375 0.015625 0.0390625
3 0.5328125 0.89296875 0.0703125 0.1125
5 0.49375 0.99296875 0.009375 0.0140625
5 0.4890625 0.96640625 0.009375 0.0203125
5 0.48359375 0.93203125 0.0109375 0.01875
5 0.403125 0.98046875 0.0109375 0.0203125
5 0.61328125 0.978125 0.0125 0.021875
5 0.60625 0.94609375 0.0109375 0.0234375
5 0.60078125 0.9109375 0.009375 0.0203125
5 0.5953125 0.8765625 0.0109375 0.021875
5 0.5890625 0.84453125 0.0125 0.0234375
5 0.58515625 0.8109375 0.009375 0.01875
5 0.57890625 0.778125 0.0125 0.025
10 0.6265625 0.73515625 0.0171875 0.0171875
5 0.60859375 0.7390625 0.015625 0.0140625
5 0.9359375 0.92265625 0.0140625 0.0296875
5 0.9296875 0.8921875 0.0140625 0.0265625
5 0.92421875 0.8546875 0.015625 0.03125
5 0.921875 0.82578125 0.009375 0.01875
5 0.91640625 0.78984375 0.015625 0.0203125
5 0.91015625 0.75625 0.009375 0.021875
5 0.86640625 0.9015625 0.015625 0.028125
5 0.85234375 0.80234375 0.009375 0.021875
5 0.846875 0.76640625 0.0125 0.0296875
5 0.7125 0.96484375 0.0140625 0.0171875
5 0.70625 0.92890625 0.0109375 0.0203125
5 0.70390625 0.89140625 0.0109375 0.0234375
5 0.69765625 0.8609375 0.0125 0.0203125
5 0.690625 0.82578125 0.015625 0.0234375
5 0.6859375 0.79375 0.0125 0.021875
5 0.68203125 0.75703125 0.0140625 0.0234375
5 0.75625 0.7390625 0.0125 0.0203125
5 0.71640625 0.74609375 0.015625 0.0265625
5 0.4359375 0.9953125 0.009375 0.009375
5 0.43125 0.97265625 0.009375 0.0265625
5 0.4265625 0.94453125 0.009375 0.025
5 0.4203125 0.9078125 0.0125 0.0265625