12 0.50625 0.08671875 0.453125 0.1734375
0 0.49453125 0.26875 0.121875 0.078125
0 0.5 0.61953125 0.1796875 0.103125
0 0.31640625 0.903125 0.125 0.065625
0 0.496875 0.909375 0.1234375 0.071875
5 0.45859375 0.76953125 0.09375 0.0375
5 0.68125 0.921875 0.0828125 0.0296875
10 0.61640625 0.23046875 0.059375 0.015625
10 0.61875 0.25546875 0.0546875 0.0125
10 0.3375 0.53203125 0.021875 0.03125
10 0.375 0.53359375 0.021875 0.03125
10 0.521875 0.70625 0.059375 0.025
10 0.53671875 0.86015625 0.0671875 0.0171875
1 0.69140625 0.88515625 0.121875 0.0375
1 0.49921875 0.40859375 0.11875 0.0421875
5 0.496875 0.446875 0.09375 0.0375
5 0.27421875 0.86171875 0.046875 0.0171875
5 0.4125 0.859375 0.046875 0.021875
5 0.62109375 0.53515625 0.025 0.0296875
5 0.66015625 0.53515625 0.021875 0.0296875