0 0.44921875 0.79453125 0.10625 0.0859375
7 0.62578125 0.7125 0.1 0.075
5 0.371875 0.17265625 0.128125 0.0359375
5 0.62265625 0.175 0.1296875 0.040625
5 0.42109375 0.128125 0.04375 0.01875
5 0.57734375 0.125 0.04375 0.01875
10 0.215625 0.209375 0.05625 0.0625
10 0.78203125 0.20546875 0.053125 0.053125
0 0.82265625 0.38515625 0.115625 0.078125
12 0.04765625 0.7328125 0.0953125 0.503125
12 0.95703125 0.73671875 0.0859375 0.4734375
2 0.37421875 0.23359375 0.134375 0.046875
2 0.62578125 0.23203125 0.1375 0.040625
5 0.07578125 0.35625 0.08125 0.028125
5 0.02734375 0.28515625 0.0234375 0.025
5 0.11328125 0.29765625 0.05625 0.021875
5 0.05859375 0.41640625 0.025 0.034375
5 0.13984375 0.41953125 0.0296875 0.03125
5 0.17890625 0.41796875 0.021875 0.034375
5 0.67265625 0.390625 0.03125 0.0296875
5 0.71171875 0.390625 0.0234375 0.0296875
5 0.67265625 0.43125 0.0203125 0.028125
5 0.803125 0.45390625 0.0234375 0.0296875
5 0.83984375 0.45859375 0.0296875 0.03125
5 0.903125 0.44609375 0.059375 0.01875
5 0.5 0.55078125 0.028125 0.0296875
5 0.54296875 0.55234375 0.025 0.028125
5 0.33515625 0.6875 0.025 0.0296875
5 0.378125 0.68984375 0.021875 0.028125
5 0.41484375 0.69140625 0.028125 0.01875
5 0.30703125 0.76640625 0.0671875 0.0234375
5 0.43359375 0.73828125 0.046875 0.015625
5 0.59453125 0.78046875 0.04375 0.01875
5 0.42578125 0.84921875 0.04375 0.0171875
5 0.3125 0.815625 0.0609375 0.034375
10 0.27890625 0.38828125 0.078125 0.0296875
10 0.25078125 0.46015625 0.0375 0.05625
10 0.29921875 0.44296875 0.028125 0.021875
10 0.34375 0.44765625 0.0296875 0.0296875
10 0.39375 0.43515625 0.0234375 0.03125
10 0.43515625 0.434375 0.021875 0.028125
10 0.490625 0.425 0.0359375 0.046875
10 0.55078125 0.42421875 0.040625 0.046875
10 0.63046875 0.43515625 0.0234375 0.034375
10 0.69296875 0.35390625 0.04375 0.015625
10 0.72109375 0.453125 0.028125 0.03125
10 0.34609375 0.47890625 0.0328125 0.01875
10 0.34609375 0.503125 0.0375 0.0125
10 0.35234375 0.525 0.0390625 0.01875
10 0.35703125 0.55234375 0.0359375 0.0234375
10 0.27578125 0.565625 0.0390625 0.05
10 0.52890625 0.85 0.04375 0.015625
10 0.73203125 0.90234375 0.0234375 0.0296875