8 0.50703125 0.15390625 0.6484375 0.3
5 0.18515625 0.3125 0.05 0.05625
7 0.30078125 0.37734375 0.09375 0.078125
11 0.70078125 0.490625 0.075 0.134375
5 0.69921875 0.35625 0.0546875 0.0609375
5 0.38125 0.63828125 0.0421875 0.06875
5 0.65859375 0.67265625 0.071875 0.0390625
5 0.659375 0.73046875 0.090625 0.0296875
5 0.66328125 0.79140625 0.0828125 0.0421875
5 0.34765625 0.796875 0.096875 0.04375
5 0.43359375 0.915625 0.075 0.0359375
1 0.57578125 0.9125 0.1140625 0.046875
0 0.48984375 0.49765625 0.1859375 0.078125
10 0.50546875 0.42734375 0.109375 0.0296875
10 0.50390625 0.38046875 0.1125 0.0296875