6 0.440625 0.81015625 0.1296875 0.1359375
6 0.56484375 0.75859375 0.128125 0.128125
6 0.68046875 0.70703125 0.1234375 0.1265625
6 0.80546875 0.6453125 0.1359375 0.13125
6 0.3796875 0.69609375 0.115625 0.1375
6 0.3171875 0.5734375 0.128125 0.125
6 0.25234375 0.44375 0.1265625 0.13125
6 0.496875 0.64140625 0.1125 0.1140625
6 0.4390625 0.51875 0.13125 0.1359375
6 0.3640625 0.38203125 0.134375 0.1546875
6 0.6125 0.578125 0.1234375 0.13125
6 0.55546875 0.45546875 0.121875 0.1390625
6 0.4875 0.33515625 0.1359375 0.14375
6 0.7359375 0.528125 0.13125 0.1296875
6 0.67421875 0.41015625 0.128125 0.1296875
6 0.6125 0.27265625 0.1359375 0.1546875
12 0.215625 0.715625 0.275 0.2984375