9 0.47890625 0.44375 0.228125 0.196875
1 0.684375 0.08125 0.1046875 0.09375
1 0.61640625 0.19296875 0.11875 0.0859375
1 0.55546875 0.30234375 0.1015625 0.0921875
1 0.37421875 0.61484375 0.121875 0.0859375
1 0.31328125 0.728125 0.128125 0.075
1 0.253125 0.85078125 0.109375 0.0984375
10 0.325 0.84296875 0.05 0.03125
10 0.41953125 0.68203125 0.05625 0.040625
10 0.45234375 0.61953125 0.0421875 0.03125
10 0.60078125 0.353125 0.046875 0.040625
10 0.63984375 0.29453125 0.046875 0.040625
10 0.73125 0.1375 0.0515625 0.059375