2 0.13203125 0.24296875 0.196875 0.321875
10 0.35 0.63359375 0.178125 0.225
10 0.75703125 0.715625 0.1796875 0.24375
10 0.946875 0.38203125 0.10625 0.1921875
10 0.8328125 0.2296875 0.15 0.2109375
10 0.6890625 0.2078125 0.14375 0.215625
10 0.4453125 0.22890625 0.146875 0.1921875
10 0.321875 0.0828125 0.14375 0.165625
10 0.54453125 0.38359375 0.1453125 0.196875
10 0.6875 0.0515625 0.0609375 0.0546875
10 0.4390625 0.10078125 0.0625 0.0609375
10 0.2421875 0.275 0.046875 0.09375
10 0.30234375 0.28828125 0.05 0.053125
10 0.05 0.4796875 0.053125 0.1078125
10 0.128125 0.49140625 0.1 0.0796875
10 0.17578125 0.825 0.084375 0.1421875
10 0.45234375 0.78671875 0.078125 0.1484375
10 0.5984375 0.7109375 0.0703125 0.1375
10 0.6953125 0.44296875 0.0453125 0.08125
10 0.78203125 0.3640625 0.06875 0.0625
10 0.9515625 0.5234375 0.078125 0.059375
10 0.87890625 0.90390625 0.078125 0.134375
10 0.75703125 0.871875 0.0609375 0.05625
10 0.59765625 0.92109375 0.075 0.1484375
10 0.290625 0.78671875 0.065625 0.0625
10 0.53984375 0.52578125 0.0734375 0.0609375
5 0.2171875 0.05078125 0.0453125 0.090625
5 0.4453125 0.03203125 0.0625 0.046875
5 0.6 0.12109375 0.0375 0.0890625
5 0.55 0.11953125 0.0453125 0.090625
5 0.5046875 0.07421875 0.0359375 0.090625
5 0.98203125 0.14609375 0.0359375 0.0828125
5 0.925 0.2171875 0.034375 0.065625
5 0.98046875 0.26171875 0.0390625 0.0484375
5 0.653125 0.4171875 0.0296875 0.071875
5 0.62265625 0.5578125 0.0328125 0.0796875
5 0.6734375 0.56484375 0.03125 0.065625
5 0.4703125 0.66640625 0.059375 0.0546875
5 0.31171875 0.2078125 0.0640625 0.0609375
5 0.26328125 0.47421875 0.0359375 0.0765625
5 0.21171875 0.4609375 0.0390625 0.071875
5 0.08203125 0.6078125 0.0421875 0.0875
5 0.14140625 0.61328125 0.040625 0.065625
5 0.2 0.62265625 0.04375 0.078125
5 0.05859375 0.77265625 0.03125 0.06875
5 0.51875 0.859375 0.0453125 0.0796875
5 0.49921875 0.9640625 0.0484375 0.0421875
5 0.87578125 0.74296875 0.0546875 0.059375
5 0.68671875 0.97109375 0.0578125 0.0578125
5 0.22890625 0.92890625 0.0515625 0.05
5 0.07421875 0.896875 0.0578125 0.0640625
5 0.56328125 0.24453125 0.059375 0.065625
7 0.00703125 0.84453125 0.0140625 0.1078125
7 0.32421875 0.89609375 0.0640625 0.115625
7 0.7875 0.95546875 0.065625 0.0890625
7 0.43125 0.9109375 0.0609375 0.10625
0 0.378125 0.4234375 0.1359375 0.18125