12 0.24453125 0.125 0.4171875 0.0546875
12 0.7625 0.128125 0.4234375 0.0640625
12 0.76640625 0.30546875 0.39375 0.0625
12 0.25 0.30078125 0.39375 0.05625
0 0.509375 0.453125 0.39375 0.1375
0 0.5 0.81953125 0.1234375 0.078125
1 0.58359375 0.91640625 0.1125 0.040625
5 0.428125 0.9125 0.1109375 0.0296875
5 0.81796875 0.375 0.05625 0.021875
5 0.82109375 0.409375 0.040625 0.021875
5 0.82109375 0.43828125 0.0484375 0.01875
5 0.39375 0.65625 0.1125 0.053125
5 0.71015625 0.59921875 0.1015625 0.0359375
5 0.71015625 0.65859375 0.08125 0.0375
5 0.71484375 0.71796875 0.096875 0.028125
5 0.675 0.84453125 0.046875 0.0171875
5 0.69453125 0.8125 0.0359375 0.034375
10 0.74765625 0.50390625 0.028125 0.0234375
10 0.36015625 0.80859375 0.0359375 0.0421875
10 0.40625 0.80625 0.03125 0.034375
10 0.61875 0.809375 0.0203125 0.0359375
10 0.65859375 0.809375 0.0203125 0.0359375