7 0.903125 0.20859375 0.1640625 0.1546875
7 0.63359375 0.88984375 0.146875 0.1609375
0 0.34296875 0.5546875 0.2078125 0.240625
5 0.090625 0.39140625 0.121875 0.0578125
5 0.090625 0.46953125 0.1078125 0.0671875
5 0.08125 0.55234375 0.10625 0.065625
5 0.0828125 0.63984375 0.0859375 0.0546875
5 0.13671875 0.80390625 0.0546875 0.1
5 0.2203125 0.81484375 0.053125 0.1140625
5 0.31171875 0.83046875 0.05 0.1125
5 0.39765625 0.83515625 0.05625 0.1171875
5 0.64609375 0.75390625 0.096875 0.0546875
5 0.6484375 0.66796875 0.0984375 0.0625
5 0.659375 0.58125 0.109375 0.0625
5 0.6625 0.50234375 0.1 0.0546875
5 0.89453125 0.33671875 0.1046875 0.059375
5 0.66953125 0.3015625 0.121875 0.05625
5 0.671875 0.22421875 0.121875 0.065625
5 0.4828125 0.28671875 0.0734375 0.103125
5 0.3984375 0.28203125 0.0640625 0.1125
5 0.24296875 0.27265625 0.0515625 0.0890625
1 0.6859375 0.134375 0.128125 0.059375
10 0.2453125 0.12421875 0.0734375 0.1203125
10 0.4109375 0.128125 0.0609375 0.1140625
10 0.49140625 0.134375 0.06875 0.1234375
10 0.3140625 0.29609375 0.0640625 0.075
10 0.6765625 0.39765625 0.134375 0.10625