12 0.1890625 0.05703125 0.240625 0.1140625
12 0.47109375 0.05703125 0.2265625 0.1140625
12 0.76640625 0.059375 0.346875 0.11875
12 0.14296875 0.26171875 0.2109375 0.0421875
7 0.425 0.17109375 0.1109375 0.0453125
7 0.69921875 0.17265625 0.10625 0.0453125
5 0.13828125 0.21484375 0.0859375 0.028125
5 0.39375 0.26015625 0.034375 0.0296875
5 0.45703125 0.26015625 0.03125 0.028125
5 0.66953125 0.259375 0.034375 0.028125
5 0.72890625 0.26015625 0.034375 0.028125
5 0.45546875 0.79765625 0.0859375 0.0234375
7 0.309375 0.925 0.08125 0.053125
5 0.68984375 0.93984375 0.0796875 0.0234375
1 0.6875 0.91171875 0.0875 0.0234375
5 0.27578125 0.89140625 0.0390625 0.009375
5 0.40390625 0.89140625 0.040625 0.009375
10 0.528125 0.89140625 0.04375 0.0125
10 0.16640625 0.36875 0.0328125 0.0328125
10 0.22734375 0.36796875 0.0296875 0.0296875
10 0.16875 0.50390625 0.0359375 0.03125
10 0.228125 0.503125 0.0296875 0.0296875
10 0.39453125 0.56875 0.0421875 0.0125
5 0.49296875 0.56796875 0.034375 0.0109375
5 0.64921875 0.56640625 0.0421875 0.0125
5 0.734375 0.56796875 0.040625 0.0125
0 0.496875 0.43203125 0.409375 0.175
0 0.49453125 0.92734375 0.11875 0.0546875