7 0.14375 0.15859375 0.2875 0.2171875
7 0.65625 0.07109375 0.334375 0.1421875
7 0.7140625 0.22734375 0.31875 0.23125
7 0.19296875 0.36484375 0.334375 0.25
7 0.2609375 0.584375 0.3328125 0.2421875
7 0.28203125 0.80390625 0.3359375 0.2390625
7 0.815625 0.6734375 0.3140625 0.2234375
7 0.76328125 0.45234375 0.309375 0.2375
5 0.39375 0.1015625 0.15625 0.15625
5 0.4359375 0.2796875 0.165625 0.15625
5 0.5234375 0.5234375 0.1671875 0.1671875
5 0.56484375 0.71171875 0.1390625 0.15625
10 0.35859375 0.9515625 0.2109375 0.096875