4 0.928125 0.68046875 0.14375 0.4234375
4 0.8390625 0.65546875 0.2078125 0.4296875
4 0.70703125 0.61875 0.2203125 0.440625
4 0.5734375 0.58359375 0.2140625 0.44375
4 0.434375 0.55546875 0.2171875 0.45625
4 0.2984375 0.52890625 0.221875 0.44375
4 0.165625 0.496875 0.221875 0.4515625
4 0.0703125 0.46875 0.140625 0.4375
12 0.61953125 0.03125 0.1953125 0.0625
12 0.8609375 0.934375 0.134375 0.13125
12 0.746875 0.921875 0.153125 0.15625
12 0.62265625 0.89765625 0.15 0.1671875
12 0.503125 0.871875 0.1546875 0.1828125
12 0.3703125 0.85390625 0.1546875 0.18125
12 0.24921875 0.8203125 0.1625 0.1859375
12 0.11953125 0.79921875 0.1609375 0.1796875
12 0.03359375 0.76875 0.0671875 0.18125
7 0.9203125 0.33046875 0.0453125 0.06875
7 0.80078125 0.2984375 0.0375 0.06875
7 0.678125 0.26640625 0.04375 0.0734375
7 0.5546875 0.2375 0.0453125 0.08125
7 0.42890625 0.20625 0.04375 0.078125
7 0.30546875 0.17421875 0.0375 0.065625
7 0.1796875 0.14765625 0.0390625 0.0640625
0 0.97421875 0.259375 0.0515625 0.16875
0 0.8671875 0.2265625 0.0765625 0.159375
0 0.74765625 0.19609375 0.0734375 0.1671875
0 0.61640625 0.16875 0.06875 0.1546875
0 0.49453125 0.1390625 0.0703125 0.1578125
0 0.36953125 0.10234375 0.06875 0.1671875
0 0.23984375 0.071875 0.0765625 0.14375
0 0.11875 0.0609375 0.071875 0.121875
13 0.975 0.41484375 0.05 0.0640625
13 0.8625 0.378125 0.0578125 0.0609375
13 0.74296875 0.35 0.0546875 0.0640625
13 0.62265625 0.31328125 0.0515625 0.0515625
13 0.4921875 0.29140625 0.0515625 0.05625
13 0.36953125 0.2609375 0.05625 0.0640625
13 0.24609375 0.23515625 0.0546875 0.0640625
13 0.12109375 0.203125 0.053125 0.0625
1 0.9453125 0.1421875 0.0390625 0.0484375
1 0.8234375 0.1109375 0.0359375 0.0390625
1 0.70390625 0.08671875 0.0421875 0.040625
1 0.57578125 0.0484375 0.0375 0.0484375
1 0.453125 0.0171875 0.0375 0.034375
1 0.3265625 0.00703125 0.04375 0.0140625
5 0.9171875 0.2625 0.0328125 0.0390625
5 0.92734375 0.209375 0.0296875 0.046875
5 0.79921875 0.2296875 0.0296875 0.0328125
5 0.80859375 0.175 0.0375 0.0390625
5 0.67578125 0.19296875 0.03125 0.0375
5 0.68828125 0.15078125 0.034375 0.0453125
5 0.5515625 0.1578125 0.0359375 0.0421875
5 0.559375 0.115625 0.034375 0.053125
5 0.425 0.13828125 0.0421875 0.0578125
5 0.4375 0.0875 0.0390625 0.0484375
5 0.2984375 0.1015625 0.0390625 0.05625
5 0.3078125 0.04921875 0.0375 0.046875
5 0.17265625 0.075 0.0375 0.046875
5 0.18203125 0.03203125 0.0390625 0.053125