3 0.52734375 0.69375 0.3859375 0.18125
7 0.21953125 0.60078125 0.1125 0.059375
1 0.69453125 0.89296875 0.1453125 0.0859375
10 0.22578125 0.86875 0.1125 0.103125
0 0.45703125 0.46875 0.25625 0.1234375
0 0.77265625 0.51328125 0.121875 0.075
1 0.12421875 0.428125 0.1171875 0.034375
5 0.240625 0.44296875 0.04375 0.0609375
5 0.321875 0.321875 0.0984375 0.05
5 0.61875 0.31328125 0.0828125 0.046875
5 0.51328125 0.059375 0.134375 0.046875
5 0.51171875 0.14765625 0.13125 0.040625
5 0.92734375 0.425 0.0921875 0.0359375
5 0.83359375 0.88359375 0.06875 0.071875
5 0.34140625 0.896875 0.0609375 0.065625
5 0.440625 0.89453125 0.059375 0.075
5 0.534375 0.89609375 0.059375 0.075
10 0.24453125 0.521875 0.053125 0.0515625
10 0.646875 0.44296875 0.04375 0.05625
10 0.79609375 0.42265625 0.0984375 0.0375
10 0.64375 0.52109375 0.05 0.071875
10 0.81875 0.640625 0.06875 0.0796875
10 0.82421875 0.74140625 0.065625 0.0703125
10 0.2 0.734375 0.053125 0.0671875