9 0.39375 0.14765625 0.2484375 0.1875
13 0.54140625 0.2 0.0625 0.075
7 0.24140625 0.31953125 0.05625 0.046875
7 0.028125 0.328125 0.05625 0.05
7 0.41875 0.40859375 0.053125 0.04375
5 0.54765625 0.06484375 0.0671875 0.075
5 0.01875 0.221875 0.0375 0.01875
5 0.08125 0.26875 0.028125 0.0421875
5 0.12421875 0.26640625 0.025 0.0375
5 0.16953125 0.2625 0.0375 0.040625
5 0.2125 0.2625 0.028125 0.04375
5 0.128125 0.33125 0.028125 0.046875
5 0.175 0.33046875 0.0359375 0.04375
5 0.35703125 0.37421875 0.0296875 0.0390625
5 0.44453125 0.2875 0.053125 0.021875
5 0.45078125 0.33046875 0.05 0.025
5 0.48359375 0.41484375 0.025 0.0375
5 0.50078125 0.46484375 0.04375 0.015625
5 0.46484375 0.49609375 0.0359375 0.0171875
5 0.42421875 0.44921875 0.053125 0.021875
10 0.21640625 0.14609375 0.028125 0.040625
0 0.096875 0.090625 0.19375 0.159375
12 0.6875 0.26484375 0.2296875 0.38125
10 0.315625 0.01171875 0.04375 0.0234375