8 0.43984375 0.284375 0.8765625 0.56875
0 0.4234375 0.78515625 0.359375 0.265625
13 0.01953125 0.12109375 0.0390625 0.1171875
1 0.88203125 0.02265625 0.0890625 0.0453125
13 0.81484375 0.59921875 0.096875 0.1140625
11 0.69765625 0.63828125 0.10625 0.1328125
5 0.93359375 0.38515625 0.0703125 0.0640625
5 0.81328125 0.8515625 0.0796875 0.0984375
5 0.3171875 0.95078125 0.1046875 0.046875
5 0.196875 0.89296875 0.06875 0.0734375
5 0.1828125 0.77109375 0.06875 0.08125
5 0.1578125 0.6546875 0.0640625 0.0625
10 0.2640625 0.64140625 0.0765625 0.0734375
10 0.6015625 0.915625 0.13125 0.071875
10 0.80546875 0.4859375 0.084375 0.0625