12 0.2953125 0.08515625 0.09375 0.1703125
12 0.4 0.08828125 0.0875 0.1765625
12 0.49765625 0.084375 0.09375 0.16875
12 0.60703125 0.08984375 0.096875 0.175
12 0.709375 0.08671875 0.0828125 0.1734375
0 0.37109375 0.46484375 0.209375 0.2125
0 0.640625 0.37890625 0.1171875 0.09375
10 0.50703125 0.31875 0.03125 0.0359375
10 0.54375 0.31796875 0.0234375 0.0375
10 0.49921875 0.45703125 0.021875 0.0421875
10 0.61953125 0.47265625 0.0484375 0.025
10 0.61875 0.50859375 0.0515625 0.028125
5 0.75390625 0.31953125 0.0546875 0.021875
5 0.60859375 0.60546875 0.09375 0.05
5 0.60859375 0.69765625 0.09375 0.05625
5 0.30625 0.69765625 0.09375 0.046875
5 0.41953125 0.87734375 0.078125 0.0484375
1 0.58046875 0.875 0.1109375 0.046875
5 0.71796875 0.82421875 0.0515625 0.0296875
5 0.71953125 0.878125 0.046875 0.0234375
5 0.725 0.36796875 0.0375 0.04375
5 0.76953125 0.36875 0.03125 0.04375
5 0.228125 0.375 0.021875 0.0484375
5 0.23515625 0.453125 0.0234375 0.040625
5 0.23359375 0.54453125 0.021875 0.040625