6 0.465625 0.19296875 0.109375 0.128125
6 0.58828125 0.25546875 0.1 0.13125
6 0.70703125 0.309375 0.103125 0.1375
6 0.83125 0.378125 0.10625 0.1375
6 0.39140625 0.29765625 0.10625 0.1234375
6 0.525 0.37578125 0.1171875 0.121875
6 0.64140625 0.428125 0.0984375 0.134375
6 0.76796875 0.49921875 0.1171875 0.1359375
6 0.32734375 0.428125 0.10625 0.125
6 0.44609375 0.490625 0.1015625 0.109375
6 0.578125 0.559375 0.1125 0.1125
6 0.70234375 0.62265625 0.1125 0.121875
6 0.25625 0.55390625 0.103125 0.1125
6 0.37578125 0.61015625 0.1046875 0.1296875
6 0.5 0.68515625 0.115625 0.1296875
6 0.63046875 0.74921875 0.1171875 0.16875
12 0.21484375 0.33671875 0.1921875 0.2734375