15 0.09765625 0.53046875 0.1125 0.196875
15 0.1953125 0.55703125 0.1 0.19375
15 0.28828125 0.5875 0.1078125 0.2
15 0.3921875 0.609375 0.1125 0.20625
1 0.2921875 0.36328125 0.0625 0.0671875
1 0.38125 0.38828125 0.0625 0.06875
1 0.459375 0.4078125 0.05625 0.065625
1 0.53984375 0.42734375 0.065625 0.075
5 0.25546875 0.3609375 0.040625 0.0765625
5 0.34140625 0.37734375 0.0390625 0.0765625
5 0.41875 0.40234375 0.0453125 0.084375
5 0.50390625 0.42109375 0.0453125 0.071875
12 0.2921875 0.22734375 0.1171875 0.1296875
12 0.4703125 0.27265625 0.296875 0.1984375
6 0.15 0.31796875 0.203125 0.1484375