0 0.53203125 0.50390625 0.1609375 0.09375
0 0.30390625 0.684375 0.075 0.0375
1 0.56953125 0.07578125 0.0703125 0.0796875
1 0.49296875 0.88359375 0.109375 0.05
1 0.41171875 0.08125 0.0859375 0.0625
5 0.72421875 0.33671875 0.1 0.0375
5 0.72734375 0.38515625 0.090625 0.0359375
5 0.725 0.43828125 0.08125 0.0359375
5 0.62265625 0.86640625 0.0546875 0.065625
5 0.7125 0.86171875 0.05 0.075
5 0.80234375 0.87109375 0.05625 0.06875
10 0.41875 0.68359375 0.05 0.0625
10 0.1875 0.68671875 0.059375 0.0625
10 0.32265625 0.43203125 0.0984375 0.034375
10 0.32109375 0.3875 0.0859375 0.0375
0 0.50234375 0.209375 0.1734375 0.1125