0 0.4953125 0.465625 0.428125 0.35625
10 0.74765625 0.07734375 0.2640625 0.1265625
10 0.26953125 0.10078125 0.0796875 0.0421875
10 0.721875 0.28203125 0.0671875 0.0828125
10 0.57734375 0.20859375 0.0953125 0.0421875
10 0.56171875 0.26875 0.1015625 0.053125
10 0.36484375 0.25 0.065625 0.0609375
5 0.2375 0.29453125 0.1 0.13125
5 0.20703125 0.54375 0.1078125 0.134375
5 0.60546875 0.70234375 0.0890625 0.0453125
5 0.76015625 0.7390625 0.046875 0.0578125
5 0.43125 0.81328125 0.0921875 0.046875
3 0.26953125 0.8890625 0.2890625 0.1984375
10 0.29140625 0.625 0.0515625 0.06875