10 0.30859375 0.171875 0.3421875 0.2609375
13 0.31953125 0.440625 0.16875 0.0859375
13 0.31484375 0.52109375 0.1796875 0.09375
13 0.31015625 0.603125 0.178125 0.0546875
13 0.884375 0.35625 0.0875 0.0875
0 0.66953125 0.36640625 0.1671875 0.14375
12 0.165625 0.81015625 0.3171875 0.35625
12 0.65 0.86953125 0.51875 0.2609375
5 0.58828125 0.21640625 0.04375 0.078125
5 0.47890625 0.38671875 0.065625 0.0734375
5 0.675 0.21640625 0.0390625 0.0671875
5 0.71015625 0.67890625 0.090625 0.05
5 0.89140625 0.728125 0.04375 0.065625
10 0.76640625 0.21328125 0.059375 0.06875