5 0.14140625 0.12109375 0.23125 0.203125
5 0.08125 0.31484375 0.0859375 0.03125
5 0.08359375 0.36640625 0.0828125 0.025
5 0.784375 0.31796875 0.090625 0.0296875
5 0.63203125 0.41328125 0.078125 0.034375
5 0.19609375 0.6125 0.0609375 0.059375
5 0.79375 0.61328125 0.059375 0.0546875
5 0.640625 0.77890625 0.0734375 0.03125
5 0.69375 0.88515625 0.0859375 0.028125
0 0.48828125 0.07890625 0.228125 0.10625
7 0.26328125 0.34375 0.1171875 0.0671875
7 0.62578125 0.34140625 0.1125 0.0703125
7 0.78984375 0.396875 0.103125 0.06875
13 0.92734375 0.365625 0.065625 0.08125
13 0.49140625 0.23125 0.225 0.08125
1 0.49296875 0.34453125 0.05625 0.05625
1 0.4875 0.884375 0.115625 0.0421875
0 0.34921875 0.56484375 0.1640625 0.165625
0 0.64296875 0.55625 0.1671875 0.15625
10 0.68671875 0.71171875 0.1015625 0.03125
12 0.86171875 0.090625 0.2609375 0.15625