12 0.09609375 0.43828125 0.1921875 0.2953125
0 0.45390625 0.40546875 0.20625 0.2921875
12 0.12109375 0.071875 0.1390625 0.14375
0 0.23984375 0.63984375 0.1203125 0.1125
0 0.71171875 0.66171875 0.115625 0.1203125
0 0.73671875 0.5328125 0.059375 0.1
0 0.72109375 0.3015625 0.0609375 0.0984375
11 0.61328125 0.29140625 0.05625 0.0921875
1 0.5890625 0.6390625 0.090625 0.1
5 0.27578125 0.5390625 0.0421875 0.0296875
5 0.21640625 0.5015625 0.025 0.0203125
5 0.22109375 0.46875 0.025 0.021875
5 0.31015625 0.45078125 0.0296875 0.0203125
5 0.30625 0.41796875 0.025 0.03125
5 0.23515625 0.353125 0.0359375 0.08125
5 0.196875 0.2203125 0.034375 0.0765625
0 0.29609375 0.24140625 0.0828125 0.0828125
13 0.34140625 0.1578125 0.0484375 0.046875
5 0.26875 0.1578125 0.028125 0.0265625
5 0.5125 0.63203125 0.0328125 0.0765625
5 0.60703125 0.4046875 0.0234375 0.021875
5 0.78984375 0.30390625 0.021875 0.0734375
5 0.8296875 0.31015625 0.028125 0.05625
1 0.05390625 0.89453125 0.1078125 0.1421875
1 0.0546875 0.76328125 0.109375 0.1265625
1 0.94765625 0.9484375 0.0390625 0.103125
10 0.3203125 0.6515625 0.0171875 0.053125
10 0.34140625 0.58515625 0.01875 0.046875
10 0.36328125 0.58984375 0.0203125 0.0484375
10 0.59921875 0.49296875 0.03125 0.028125
10 0.603125 0.446875 0.0203125 0.028125
10 0.79921875 0.525 0.01875 0.0453125
10 0.740625 0.4390625 0.0390625 0.0265625
10 0.71484375 0.3921875 0.0328125 0.0234375
10 0.6109375 0.3609375 0.0390625 0.025
10 0.40390625 0.20390625 0.0328125 0.0234375
10 0.5171875 0.22109375 0.0390625 0.03125
10 0.31171875 0.38828125 0.0265625 0.0265625
10 0.315625 0.35703125 0.025 0.0203125
10 0.303125 0.30625 0.021875 0.025
10 0.46171875 0.6234375 0.01875 0.0453125
10 0.8046875 0.67578125 0.015625 0.046875