4 0.08671875 0.2625 0.090625 0.2046875
4 0.084375 0.71015625 0.090625 0.2
4 0.18046875 0.709375 0.090625 0.19375
4 0.26875 0.71796875 0.0875 0.215625
4 0.3625 0.71796875 0.0875 0.203125
4 0.45078125 0.71796875 0.084375 0.21875
4 0.17578125 0.2625 0.0859375 0.2046875
4 0.26875 0.26171875 0.084375 0.2
4 0.3625 0.26484375 0.0859375 0.190625
4 0.45234375 0.27109375 0.0875 0.2046875
4 0.53984375 0.26875 0.084375 0.2015625
4 0.63203125 0.26953125 0.0859375 0.2125
4 0.71953125 0.26640625 0.0828125 0.2171875
4 0.540625 0.715625 0.0859375 0.2
4 0.63046875 0.715625 0.0859375 0.2
4 0.71796875 0.71796875 0.0859375 0.1921875
12 0.09140625 0.115625 0.090625 0.071875
12 0.18359375 0.11328125 0.0859375 0.084375
12 0.271875 0.1125 0.09375 0.0875
12 0.35859375 0.115625 0.084375 0.08125
12 0.44921875 0.12109375 0.0875 0.08125
12 0.53828125 0.11796875 0.0875 0.0796875
12 0.62890625 0.11328125 0.090625 0.075
12 0.71796875 0.115625 0.0875 0.0765625
12 0.08828125 0.865625 0.090625 0.0734375
12 0.18203125 0.86875 0.090625 0.090625
12 0.27109375 0.86484375 0.0859375 0.08125
12 0.359375 0.86796875 0.090625 0.0859375
12 0.45234375 0.87421875 0.096875 0.0859375
12 0.540625 0.87109375 0.0859375 0.0875
12 0.63359375 0.865625 0.09375 0.0671875
12 0.71796875 0.87421875 0.078125 0.0796875
0 0.80078125 0.675 0.0546875 0.24375
0 0.82109375 0.13046875 0.0796875 0.109375
0 0.80078125 0.38125 0.0421875 0.2421875
0 0.85390625 0.334375 0.0375 0.0546875
0 0.91328125 0.33359375 0.040625 0.05625
0 0.85390625 0.39765625 0.040625 0.04375
0 0.85703125 0.44921875 0.0375 0.0546875
0 0.85546875 0.515625 0.0375 0.0546875
0 0.91796875 0.51015625 0.0359375 0.0515625
0 0.91640625 0.45625 0.0359375 0.053125
0 0.915625 0.39921875 0.0421875 0.05625
0 0.85390625 0.6625 0.0359375 0.05625
0 0.85390625 0.71328125 0.0375 0.05
0 0.85546875 0.77265625 0.0375 0.05625
0 0.85625 0.83203125 0.040625 0.04375
0 0.91484375 0.6625 0.04375 0.0484375
0 0.91484375 0.71640625 0.040625 0.0515625
0 0.91328125 0.77578125 0.0359375 0.053125
0 0.915625 0.8375 0.040625 0.0484375
5 0.85859375 0.56328125 0.028125 0.028125
5 0.915625 0.56015625 0.03125 0.034375
5 0.8 0.828125 0.015625 0.04375
5 0.8 0.88203125 0.015625 0.0484375
5 0.85546875 0.878125 0.0296875 0.021875
5 0.915625 0.88046875 0.028125 0.0234375
5 0.809375 0.22890625 0.0125 0.0421875
5 0.85078125 0.26953125 0.01875 0.0484375
13 0.87890625 0.11484375 0.015625 0.075
10 0.96875 0.22265625 0.0109375 0.046875
10 0.92421875 0.11875 0.0609375 0.1171875
10 0.93671875 0.228125 0.053125 0.0859375
10 0.88203125 0.22109375 0.0484375 0.090625
12 0.96640625 0.33359375 0.0546875 0.1265625
12 0.96640625 0.57421875 0.0375 0.2625
5 0.73515625 0.55703125 0.0234375 0.01875
5 0.7 0.42890625 0.025 0.025
5 0.61484375 0.42734375 0.0234375 0.0234375
5 0.646875 0.55390625 0.0203125 0.0203125
5 0.559375 0.55625 0.0234375 0.01875
5 0.525 0.42890625 0.025 0.021875
5 0.07890625 0.42734375 0.01875 0.021875
5 0.11484375 0.553125 0.025 0.0234375
5 0.17109375 0.42578125 0.025 0.021875
5 0.20546875 0.55390625 0.021875 0.01875
5 0.296875 0.55703125 0.025 0.015625
5 0.26015625 0.42890625 0.0296875 0.0234375
5 0.34609375 0.43125 0.021875 0.01875
5 0.38125 0.55546875 0.01875 0.0234375
5 0.47109375 0.553125 0.0234375 0.0125
5 0.4375 0.43125 0.0234375 0.0234375
1 0.11875 0.43125 0.0234375 0.021875
1 0.08046875 0.553125 0.021875 0.0203125
1 0.20546875 0.42734375 0.021875 0.0234375
1 0.16796875 0.553125 0.0234375 0.0171875
1 0.25546875 0.55546875 0.0234375 0.0234375
1 0.384375 0.42890625 0.0234375 0.021875
1 0.34375 0.553125 0.025 0.0203125
1 0.296875 0.428125 0.0234375 0.021875
1 0.46953125 0.43125 0.0234375 0.01875
1 0.43515625 0.55546875 0.0234375 0.025
1 0.525 0.55546875 0.0234375 0.0203125
1 0.646875 0.42890625 0.0234375 0.021875
1 0.73671875 0.42890625 0.025 0.025
1 0.61015625 0.55546875 0.025 0.0203125
1 0.7 0.55625 0.025 0.0171875