12 0.46796875 0.796875 0.2 0.225
6 0.94140625 0.72578125 0.075 0.146875
6 0.88671875 0.71328125 0.0796875 0.134375
6 0.82578125 0.69921875 0.075 0.13125
6 0.76484375 0.6921875 0.0765625 0.11875
6 0.703125 0.67421875 0.0703125 0.1015625
6 0.63984375 0.6578125 0.075 0.1203125
6 0.58125 0.659375 0.0765625 0.1125
6 0.51796875 0.6453125 0.06875 0.1109375
6 0.45390625 0.63046875 0.0734375 0.109375
6 0.38984375 0.61875 0.065625 0.1015625
6 0.33359375 0.60703125 0.0734375 0.0953125
6 0.27265625 0.59296875 0.075 0.109375
6 0.20390625 0.5859375 0.0703125 0.0921875
6 0.14296875 0.5703125 0.075 0.1171875
6 0.08203125 0.56796875 0.0796875 0.1125
6 0.0265625 0.553125 0.053125 0.128125
15 0.9734375 0.4953125 0.053125 0.3
15 0.9328125 0.478125 0.0875 0.315625
15 0.875 0.47734375 0.075 0.2765625
15 0.81015625 0.46484375 0.08125 0.284375
15 0.7453125 0.45390625 0.08125 0.2984375
15 0.6859375 0.440625 0.078125 0.290625
15 0.621875 0.44609375 0.0765625 0.2828125
15 0.56328125 0.41640625 0.0734375 0.265625
15 0.50078125 0.4078125 0.0796875 0.2734375
15 0.4390625 0.403125 0.075 0.2765625
15 0.3796875 0.38125 0.0890625 0.3
15 0.315625 0.37265625 0.0859375 0.2984375
15 0.25078125 0.371875 0.075 0.2765625
15 0.18828125 0.3546875 0.0921875 0.3109375
15 0.128125 0.34765625 0.0921875 0.30625
15 0.06484375 0.3359375 0.0796875 0.303125
13 0.9390625 0.578125 0.028125 0.103125
13 0.88125 0.5625 0.0328125 0.0953125
13 0.8171875 0.565625 0.0328125 0.1015625
13 0.759375 0.5515625 0.0328125 0.096875
13 0.69765625 0.534375 0.03125 0.0984375
13 0.63671875 0.52890625 0.0296875 0.0734375
13 0.575 0.51796875 0.0296875 0.0953125
13 0.51328125 0.50859375 0.03125 0.0984375
13 0.453125 0.5 0.0328125 0.1109375
13 0.3921875 0.4875 0.0328125 0.1078125
13 0.3328125 0.4671875 0.034375 0.121875
13 0.26953125 0.4640625 0.025 0.084375
13 0.20703125 0.45703125 0.025 0.084375
13 0.146875 0.44296875 0.03125 0.0921875
13 0.0875 0.43046875 0.0296875 0.0921875
13 0.025 0.425 0.03125 0.0984375
1 0.95546875 0.48515625 0.028125 0.053125
1 0.89609375 0.46796875 0.01875 0.0390625
1 0.83359375 0.45390625 0.025 0.0578125
1 0.775 0.446875 0.0328125 0.071875
1 0.715625 0.434375 0.034375 0.0734375
1 0.65390625 0.42578125 0.03125 0.071875
1 0.59296875 0.41484375 0.0328125 0.071875
1 0.5296875 0.41328125 0.03125 0.0703125
1 0.46796875 0.3984375 0.034375 0.0734375
1 0.409375 0.38671875 0.0328125 0.071875
1 0.35 0.36953125 0.03125 0.059375
1 0.28828125 0.3578125 0.03125 0.0765625
1 0.22734375 0.35 0.034375 0.06875
1 0.16328125 0.34453125 0.03125 0.065625
1 0.10234375 0.33203125 0.0265625 0.0703125
1 0.04140625 0.315625 0.028125 0.065625
5 0.9734375 0.38359375 0.0328125 0.0921875
5 0.91171875 0.37734375 0.0265625 0.0640625
5 0.853125 0.3625 0.0328125 0.078125
5 0.790625 0.3578125 0.0296875 0.0890625
5 0.72890625 0.346875 0.025 0.0703125
5 0.66953125 0.3375 0.0296875 0.084375
5 0.6109375 0.31484375 0.028125 0.0828125
5 0.5484375 0.31015625 0.034375 0.1046875
5 0.4875 0.29375 0.0328125 0.0984375
5 0.42890625 0.28359375 0.034375 0.109375
5 0.3625 0.2765625 0.0375 0.1046875
5 0.303125 0.278125 0.0390625 0.103125
5 0.2453125 0.25546875 0.0484375 0.128125
5 0.18125 0.2421875 0.040625 0.1109375
5 0.1203125 0.21171875 0.0375 0.0953125
5 0.05625 0.2171875 0.034375 0.125
1 0.3578125 0.7984375 0.034375 0.084375
12 0.78671875 0.15 0.365625 0.2625
12 0.3765625 0.10625 0.365625 0.2125