10 0.48359375 0.571875 0.325 0.734375
10 0.14453125 0.56875 0.2890625 0.734375
0 0.33671875 0.09453125 0.3609375 0.1890625
2 0.82265625 0.43671875 0.3546875 0.7796875
10 0.6453125 0.9203125 0.0625 0.15625
10 0.8265625 0.92421875 0.05625 0.1515625
10 0.86875 0.9296875 0.05 0.140625
10 0.95625 0.9421875 0.021875 0.115625
10 0.57890625 0.175 0.078125 0.0828125
10 0.5953125 0.05625 0.0703125 0.0859375
10 0.0578125 0.16015625 0.0640625 0.0671875
5 0.0625 0.071875 0.059375 0.08125
5 0.9171875 0.940625 0.04375 0.11875