7 0.07890625 0.26875 0.1578125 0.13125
7 0.36484375 0.10546875 0.1859375 0.1609375
7 0.834375 0.20625 0.184375 0.15
7 0.553125 0.38671875 0.1484375 0.11875
13 0.94609375 0.71875 0.075 0.15625
13 0.96171875 0.896875 0.075 0.15
13 0.08671875 0.690625 0.08125 0.1328125
13 0.0875 0.903125 0.0984375 0.15625
0 0.57578125 0.83203125 0.415625 0.3359375
5 0.06171875 0.10625 0.10625 0.0625
5 0.34921875 0.28671875 0.18125 0.0875
5 0.2 0.27109375 0.071875 0.134375
5 0.31640625 0.396875 0.109375 0.0796875
5 0.55 0.2 0.05625 0.134375
5 0.834375 0.38671875 0.165625 0.1171875
5 0.678125 0.37109375 0.071875 0.115625
5 0.48984375 0.5625 0.071875 0.121875
5 0.39609375 0.5625 0.071875 0.10625
10 0.28046875 0.546875 0.05625 0.115625
5 0.18125 0.7375 0.053125 0.1171875
5 0.28515625 0.73984375 0.0609375 0.103125
5 0.27421875 0.91484375 0.046875 0.1234375
5 0.1875 0.9125 0.0625 0.10625
10 0.721875 0.603125 0.1171875 0.0796875
10 0.684375 0.190625 0.059375 0.11875
10 0.2125 0.0875 0.053125 0.1125