10 0.89765625 0.8390625 0.1609375 0.2875
10 0.74375 0.82421875 0.125 0.24375
10 0.5953125 0.80859375 0.1296875 0.225
10 0.4515625 0.78203125 0.1296875 0.2390625
10 0.3015625 0.78515625 0.140625 0.2203125
10 0.9421875 0.33984375 0.115625 0.1984375
10 0.8046875 0.30703125 0.13125 0.215625
10 0.6515625 0.296875 0.13125 0.21875
10 0.50078125 0.28046875 0.1265625 0.2328125
10 0.353125 0.27578125 0.1390625 0.234375
10 0.0328125 0.678125 0.046875 0.0984375
10 0.05546875 0.5125 0.0671875 0.1234375
10 0.06640625 0.35703125 0.0609375 0.1265625
10 0.090625 0.1796875 0.053125 0.10625
10 0.11484375 0.04140625 0.0734375 0.0828125