15 0.51640625 0.55546875 0.0390625 0.0984375
15 0.56796875 0.55234375 0.040625 0.090625
15 0.615625 0.55390625 0.040625 0.1015625
15 0.665625 0.54453125 0.034375 0.096875
15 0.71796875 0.546875 0.03125 0.0921875
15 0.76953125 0.54453125 0.040625 0.090625
15 0.82265625 0.546875 0.03125 0.103125
15 0.87421875 0.55546875 0.04375 0.115625
15 0.925 0.55390625 0.046875 0.1046875
12 0.52578125 0.45078125 0.04375 0.05
6 0.43515625 0.52421875 0.075 0.075
12 0.575 0.44921875 0.0390625 0.04375
12 0.61953125 0.45078125 0.04375 0.071875
12 0.671875 0.44921875 0.0421875 0.06875
12 0.721875 0.45390625 0.046875 0.078125
12 0.77109375 0.45 0.0421875 0.0734375
12 0.825 0.453125 0.0484375 0.075
12 0.87578125 0.45234375 0.04375 0.078125
12 0.92578125 0.446875 0.0421875 0.071875