9 0.40390625 0.2703125 0.228125 0.25
6 0.3078125 0.61875 0.1296875 0.1265625
5 0.35 0.48125 0.0703125 0.13125
5 0.43671875 0.71640625 0.13125 0.06875
5 0.596875 0.28046875 0.115625 0.0734375
5 0.58828125 0.36640625 0.1140625 0.078125
5 0.5640625 0.4484375 0.1109375 0.0671875
5 0.54921875 0.5265625 0.1078125 0.071875
5 0.5359375 0.6140625 0.134375 0.0890625
5 0.515625 0.6734375 0.115625 0.065625
1 0.6625 0.72890625 0.121875 0.0953125
1 0.68828125 0.64921875 0.109375 0.1015625
1 0.7109375 0.56484375 0.1125 0.1125
1 0.73125 0.4703125 0.109375 0.1015625
1 0.76796875 0.2859375 0.121875 0.103125
1 0.75078125 0.36640625 0.1078125 0.1078125