0 0.375 0.45078125 0.259375 0.46875
0 0.6586317671875 1 0.9096645296875 0.79368340625 0.77273743125 0.49135269375 0.53063495625 0.7147498109375 0.6586317671875 1
5 0.590625 0.40703125 0.05625 0.0609375
5 0.57265625 0.48828125 0.028125 0.08125
5 0.61015625 0.53359375 0.03125 0.0796875
5 0.55859375 0.59140625 0.034375 0.096875
5 0.11328125 0.43984375 0.0375 0.084375
5 0.15390625 0.45078125 0.025 0.1015625
5 0.16484375 0.57890625 0.03125 0.075
10 0.203125 0.47421875 0.025 0.0921875
10 0.09609375 0.54921875 0.0515625 0.0734375
10 0.64609375 0.43828125 0.028125 0.0875
10 0.79453125 0.43125 0.0421875 0.0859375