7 0.45703125 0.34765625 0.0984375 0.109375
5 0.28046875 0.48125 0.053125 0.0375
5 0.353125 0.61015625 0.0390625 0.0546875
5 0.38828125 0.5875 0.0328125 0.0546875
5 0.41953125 0.56875 0.0375 0.046875
5 0.45234375 0.54609375 0.034375 0.05
10 0.51328125 0.28828125 0.0421875 0.0609375
10 0.521875 0.49296875 0.04375 0.05625
10 0.590625 0.446875 0.0421875 0.053125
10 0.625 0.43046875 0.04375 0.04375
10 0.684375 0.38515625 0.03125 0.0484375
10 0.73046875 0.35625 0.059375 0.046875
10 0.284375 0.65078125 0.0421875 0.05625
10 0.31953125 0.62890625 0.0375 0.046875
12 0.31328125 0.25703125 0.2625 0.125
13 0.48359375 0.515625 0.05 0.0484375