11 0.70859375 0.2359375 0.4921875 0.1453125
0 0.6453125 0.07421875 0.30625 0.1453125
0 0.6125 0.57265625 0.471875 0.328125
12 0.2421875 0.37109375 0.221875 0.0828125
12 0.215625 0.10703125 0.265625 0.2
10 0.90390625 0.11796875 0.1046875 0.05
10 0.778125 0.346875 0.115625 0.0421875
10 0.5546875 0.3578125 0.1109375 0.05
10 0.2859375 0.74375 0.096875 0.05
5 0.9125 0.01796875 0.125 0.0359375
5 0.16953125 0.26796875 0.065625 0.0859375
5 0.28203125 0.57421875 0.0984375 0.04375
5 0.27265625 0.6296875 0.078125 0.0390625
5 0.28359375 0.68671875 0.096875 0.0359375
5 0.46328125 0.8828125 0.059375 0.0828125
5 0.7328125 0.8734375 0.14375 0.0546875
1 0.284375 0.88671875 0.146875 0.09375