0 0.32578125 0.48984375 0.353125 0.325
0 0.70703125 0.39140625 0.1046875 0.1
0 0.70546875 0.571875 0.1109375 0.134375
7 0.61328125 0.48125 0.05625 0.0609375
7 0.61640625 0.38671875 0.0515625 0.059375
6 0.8625 0.35625 0.09375 0.059375
6 0.86015625 0.62734375 0.0984375 0.0671875
5 0.784375 0.615625 0.0203125 0.04375
5 0.78515625 0.35546875 0.015625 0.040625
5 0.784375 0.41484375 0.01875 0.04375
5 0.53203125 0.35546875 0.015625 0.0359375
5 0.565625 0.36328125 0.0203125 0.04375
5 0.61875 0.340625 0.0375 0.01875
5 0.54921875 0.43359375 0.034375 0.0234375
5 0.546875 0.459375 0.03125 0.021875
5 0.54765625 0.48203125 0.034375 0.021875
5 0.546875 0.50859375 0.0359375 0.01875
5 0.546875 0.5375 0.040625 0.025
1 0.54375 0.56328125 0.04375 0.0234375
1 0.54921875 0.40859375 0.0484375 0.021875
5 0.61796875 0.52578125 0.034375 0.0234375
12 0.88046875 0.49375 0.125 0.134375
10 0.53046875 0.615625 0.0234375 0.04375
10 0.56328125 0.61484375 0.0203125 0.04375
13 0.61953125 0.596875 0.028125 0.0671875
13 0.784375 0.55703125 0.025 0.040625
10 0.78125 0.49140625 0.015625 0.0484375