12 0.10078125 0.5140625 0.2015625 0.5
0 0.62265625 0.31015625 0.1953125 0.2625
0 0.61328125 0.81875 0.353125 0.3125
1 0.29609375 0.22890625 0.10625 0.0734375
13 0.31640625 0.50390625 0.09375 0.0734375
13 0.31015625 0.58125 0.08125 0.0765625
13 0.3125 0.67578125 0.0765625 0.084375
1 0.715625 0.49609375 0.1015625 0.0609375
5 0.30390625 0.33125 0.075 0.0640625
10 0.31328125 0.4125 0.065625 0.0453125
10 0.534375 0.59375 0.0921875 0.05625
10 0.53359375 0.4921875 0.0734375 0.05
5 0.72265625 0.58046875 0.078125 0.0453125
5 0.31953125 0.76640625 0.075 0.046875
5 0.3125 0.85078125 0.0765625 0.053125
5 0.31171875 0.94296875 0.08125 0.04375