6 0.5390625 0.81015625 0.1140625 0.1328125
6 0.4125 0.75078125 0.10625 0.1359375
6 0.290625 0.70078125 0.1078125 0.1421875
6 0.16328125 0.63515625 0.1125 0.14375
6 0.61015625 0.70078125 0.1109375 0.128125
6 0.47265625 0.6265625 0.121875 0.1265625
6 0.35234375 0.578125 0.1046875 0.1390625
6 0.22265625 0.51015625 0.121875 0.1421875
6 0.67109375 0.56640625 0.1109375 0.1296875
6 0.5484375 0.5078125 0.10625 0.1125
6 0.4125 0.44296875 0.11875 0.11875
6 0.28515625 0.38359375 0.11875 0.128125
6 0.73828125 0.43671875 0.1078125 0.11875
6 0.615625 0.384375 0.109375 0.1328125
6 0.4875 0.3125 0.1203125 0.134375
6 0.353125 0.25234375 0.1234375 0.175
12 0.78828125 0.65546875 0.203125 0.28125