9 0.796875 0.159375 0.2796875 0.2953125
9 0.77734375 0.65234375 0.2734375 0.290625
2 0.375 0.175 0.0796875 0.1046875
2 0.41484375 0.65859375 0.090625 0.090625
7 0.590625 0.253125 0.0546875 0.06875
7 0.58046875 0.80390625 0.059375 0.0703125
7 0.578125 0.340625 0.0546875 0.059375
7 0.68984375 0.359375 0.059375 0.06875
13 0.43671875 0.30625 0.075 0.046875
13 0.43125 0.37265625 0.078125 0.0328125
0 0.46328125 0.18359375 0.059375 0.0609375
0 0.51015625 0.67109375 0.0671875 0.0625
12 0.075 0.38359375 0.0625 0.3609375
12 0.240625 0.253125 0.0625 0.15625
12 0.228125 0.70234375 0.065625 0.1765625
12 0.92421875 0.84921875 0.0625 0.125
12 0.91640625 0.4 0.0671875 0.11875
10 0.35625 0.275 0.01875 0.046875
10 0.45859375 0.11953125 0.053125 0.021875
10 0.525 0.19140625 0.0234375 0.04375
10 0.51171875 0.34453125 0.021875 0.059375
10 0.50625 0.596875 0.05 0.028125
10 0.565625 0.67421875 0.0234375 0.0484375
5 0.446875 0.25625 0.05625 0.021875
5 0.5125 0.25703125 0.05 0.025
5 0.60390625 0.178125 0.025 0.0546875
5 0.63203125 0.33984375 0.0125 0.0484375
5 0.609375 0.671875 0.01875 0.053125
5 0.50390625 0.746875 0.046875 0.0234375
5 0.571875 0.74375 0.0484375 0.028125
5 0.65625 0.81171875 0.059375 0.025
5 0.76953125 0.371875 0.04375 0.025