1 0.865625 0.9609375 0.209375 0.078125
1 0.7014510796875 1 0.70359404375 0.9268747796874999 0.6804636546875 0.9245602156249999 0.5056257140625 0.91233435625 0.49975887343750003 0.9962340656249999 0.5400992328124999 1 0.7014510796875 1
1 0.22257659687500003 0.9506408078125 0.2204068328125 0.981669890625 0.40901633125 0.9948587515625 0.421088415625 0.9954210171875 0.4271689375 0.9084655234375001 0.4123418890625 0.9042450000000001 0.3963500484375 0.9031267406250001 0.2294011453125 0.8970093921875 0.22257659687500003 0.9506408078125
1 0.078125 0.91953125 0.15625 0.1140625
1 0.87890625 0.86015625 0.2 0.1078125
1 0.60859375 0.83515625 0.2140625 0.1109375
1 0.88515625 0.73125 0.20625 0.1125
1 0.89765625 0.61171875 0.196875 0.1015625
1 0.62265625 0.5953125 0.2140625 0.109375
1 0.61640625 0.71640625 0.215625 0.1046875
1 0.34140625 0.69921875 0.2046875 0.10625
1 0.08984375 0.67734375 0.1796875 0.1046875
1 0.08125 0.79765625 0.1625 0.1046875
1 0.325 0.81640625 0.2265625 0.109375
1 0.3453125 0.578125 0.1984375 0.1015625
1 0.08828125 0.55703125 0.1765625 0.1140625
6 0.68125 0.36953125 0.2734375 0.0890625
10 0.30234375 0.2875 0.175 0.0765625
10 0.7296875 0.103125 0.1796875 0.075
10 0.31953125 0.17421875 0.16875 0.0640625
5 0.30234375 0.365625 0.1015625 0.0296875
5 0.36640625 0.09609375 0.10625 0.0375
0 0.7 0.23359375 0.259375 0.1515625
5 0.73515625 0.96875 0.0234375 0.0234375
5 0.18046875 0.96484375 0.0375 0.021875
5 0.74609375 0.89375 0.025 0.028125
5 0.74609375 0.8515625 0.0296875 0.025
5 0.46640625 0.846875 0.0359375 0.0234375
5 0.45234375 0.96640625 0.05 0.028125
5 0.19140625 0.8484375 0.0296875 0.0234375
5 0.203125 0.73046875 0.0359375 0.034375
5 0.4765625 0.728125 0.0390625 0.0265625
5 0.7515625 0.7671875 0.046875 0.0328125
5 0.75546875 0.72421875 0.0359375 0.028125
5 0.7578125 0.65078125 0.028125 0.01875
5 0.76640625 0.603125 0.03125 0.0296875
5 0.484375 0.60234375 0.034375 0.034375
5 0.2109375 0.60078125 0.0296875 0.0296875
5 0.52578125 0.23984375 0.0328125 0.021875
5 0.5265625 0.1984375 0.034375 0.0234375
10 0.7421875 0.9265625 0.021875 0.025
10 0.46328125 0.934375 0.025 0.0171875
10 0.18828125 0.93046875 0.0296875 0.0203125
10 0.18828125 0.89296875 0.034375 0.021875
10 0.471875 0.8125 0.0296875 0.0203125
10 0.19609375 0.81015625 0.0296875 0.021875
10 0.20078125 0.77578125 0.0296875 0.021875
10 0.7484375 0.81015625 0.021875 0.0171875
10 0.48359375 0.69375 0.0265625 0.028125
10 0.20625 0.68671875 0.0296875 0.025
10 0.21171875 0.65390625 0.0390625 0.021875
10 0.7609375 0.68515625 0.0328125 0.025
10 0.48671875 0.56875 0.0296875 0.021875
10 0.21328125 0.56484375 0.0265625 0.0234375
10 0.21875 0.53125 0.0328125 0.025
10 0.7625 0.565625 0.028125 0.0234375