9 0.51640625 0.40546875 0.3484375 0.3859375
1 0.8921875 0.384375 0.1625 0.134375
1 0.7765625 0.31015625 0.16875 0.1453125
1 0.62421875 0.20546875 0.175 0.1578125
1 0.49453125 0.134375 0.171875 0.165625
1 0.53671875 0.81640625 0.1890625 0.1671875
1 0.409375 0.73203125 0.175 0.1953125
1 0.2421875 0.62734375 0.1578125 0.1703125
1 0.12265625 0.5484375 0.1828125 0.2
10 0.23828125 0.53046875 0.0625 0.05625
10 0.52578125 0.72265625 0.0890625 0.0625
10 0.7765625 0.41328125 0.059375 0.0609375
10 0.49765625 0.2328125 0.0578125 0.0609375
7 0.68828125 0.41640625 0.084375 0.0859375