12 0.253125 0.1375 0.2 0.21875
12 0.75546875 0.13828125 0.21875 0.2296875
0 0.50546875 0.41015625 0.259375 0.1796875
10 0.515625 0.52734375 0.1109375 0.028125
5 0.353125 0.70390625 0.109375 0.03125
5 0.35546875 0.74921875 0.090625 0.028125
5 0.35234375 0.784375 0.090625 0.0234375
5 0.74296875 0.70703125 0.0859375 0.025
5 0.740625 0.74609375 0.0828125 0.021875
5 0.74296875 0.7875 0.078125 0.01875
5 0.628125 0.89609375 0.09375 0.0234375
5 0.45703125 0.91171875 0.05625 0.053125
1 0.278125 0.90703125 0.1359375 0.0546875