6 0.25078125 0.896875 0.1234375 0.1234375
6 0.42734375 0.90546875 0.11875 0.11875
6 0.60390625 0.90078125 0.121875 0.1296875
6 0.77421875 0.9 0.11875 0.134375
6 0.20078125 0.14765625 0.1109375 0.128125
0 0.540625 0.43515625 0.16875 0.1875
0 0.340625 0.490625 0.121875 0.153125
6 0.06640625 0.71875 0.121875 0.2625
12 0.06953125 0.4 0.134375 0.25
12 0.41171875 0.053125 0.234375 0.10625
12 0.803125 0.08125 0.0921875 0.0875
1 0.65703125 0.12109375 0.0703125 0.08125
10 0.540625 0.29375 0.134375 0.053125
13 0.18671875 0.68671875 0.0609375 0.21875
12 0.04609375 0.19765625 0.0921875 0.075
10 0.20390625 0.28515625 0.0921875 0.0984375
10 0.22265625 0.48515625 0.04375 0.1171875
12 0.95234375 0.715625 0.05625 0.11875
5 0.61953125 0.734375 0.1765625 0.05625
5 0.36015625 0.73984375 0.15 0.0546875
5 0.36875 0.65 0.1546875 0.059375
5 0.628125 0.64453125 0.1296875 0.05625
5 0.68984375 0.459375 0.0515625 0.1921875
5 0.75234375 0.45625 0.0515625 0.1984375
5 0.67421875 0.22890625 0.1609375 0.0609375
5 0.40625 0.225 0.190625 0.05625
12 0.91015625 0.40390625 0.1125 0.5
1 0.346875 0.30078125 0.078125 0.084375