0 0.2265625 0.21640625 0.121875 0.2453125
0 0.3578125 0.21328125 0.109375 0.2421875
0 0.4921875 0.2015625 0.109375 0.225
0 0.63359375 0.20078125 0.1109375 0.221875
0 0.7671875 0.1984375 0.115625 0.23125
2 0.2390625 0.7328125 0.103125 0.15625
14 0.49453125 0.61328125 0.1828125 0.1828125
6 0.62578125 0.72734375 0.0671875 0.1265625
6 0.709375 0.73515625 0.075 0.1203125
6 0.7921875 0.7328125 0.078125 0.125
7 0.2453125 0.61953125 0.034375 0.05625
13 0.196875 0.621875 0.04375 0.04375
13 0.6453125 0.5 0.06875 0.053125
0 0.2421875 0.50625 0.109375 0.08125
0 0.3609375 0.54921875 0.065625 0.1765625
0 0.35859375 0.728125 0.0578125 0.165625
0 0.5 0.75625 0.053125 0.090625
0 0.621875 0.57890625 0.034375 0.096875
5 0.28359375 0.621875 0.0171875 0.05
5 0.27578125 0.57421875 0.021875 0.028125
5 0.48046875 0.503125 0.0328125 0.0375
5 0.55078125 0.503125 0.0328125 0.025
10 0.43125 0.475 0.028125 0.01875
10 0.43203125 0.503125 0.0328125 0.025
10 0.7609375 0.559375 0.125 0.175
10 0.6625 0.56484375 0.0125 0.0453125
10 0.67109375 0.60234375 0.028125 0.0234375
10 0.67265625 0.63046875 0.0265625 0.021875
5 0.128125 0.43828125 0.021875 0.0453125
5 0.10859375 0.44296875 0.0140625 0.0484375
5 0.57109375 0.71640625 0.0296875 0.0296875
5 0.571875 0.740625 0.03125 0.021875
5 0.571875 0.7671875 0.028125 0.021875
5 0.5734375 0.79296875 0.025 0.0203125
5 0.43203125 0.790625 0.0265625 0.01875
10 0.43125 0.75234375 0.025 0.0265625