3 0.4671875 0.71015625 0.440625 0.2578125
7 0.7796875 0.559375 0.1296875 0.0828125
1 0.321875 0.946875 0.16875 0.10625
10 0.81796875 0.846875 0.1375 0.1265625
0 0.50390625 0.45859375 0.29375 0.1734375
0 0.17421875 0.559375 0.1421875 0.1015625
1 0.85234375 0.35859375 0.1296875 0.05625
5 0.73046875 0.39375 0.0578125 0.071875
5 0.6234375 0.27890625 0.1125 0.0703125
5 0.30546875 0.31953125 0.096875 0.0625
5 0.37734375 0.034375 0.1484375 0.0640625
5 0.39140625 0.125 0.146875 0.065625
5 0.02265625 0.48515625 0.0453125 0.0453125
5 0.171875 0.96015625 0.084375 0.0796875
5 0.7 0.89609375 0.0765625 0.0796875
5 0.59375 0.9109375 0.075 0.090625
5 0.49296875 0.92734375 0.075 0.090625
10 0.73984375 0.4796875 0.0640625 0.0640625
10 0.296875 0.4625 0.0578125 0.06875
10 0.13515625 0.4671875 0.109375 0.05625
10 0.31328125 0.5453125 0.065625 0.0828125
10 0.146875 0.703125 0.0859375 0.0953125
10 0.15859375 0.81171875 0.0796875 0.0875
10 0.8234375 0.6984375 0.0671875 0.0796875