14 0.5265625 0.5796875 0.8765625 0.440625
3 0.86328125 0.91953125 0.1703125 0.1609375
6 0.0734375 0.10703125 0.0703125 0.1375
6 0.2796875 0.15859375 0.1015625 0.115625
6 0.3921875 0.221875 0.1078125 0.1265625
6 0.39921875 0.115625 0.109375 0.1078125
6 0.51875 0.18125 0.109375 0.115625
6 0.7953125 0.209375 0.1125 0.115625
7 0.1859375 0.2515625 0.0390625 0.053125
7 0.228125 0.2609375 0.0375 0.05
7 0.55546875 0.28125 0.0328125 0.0546875
7 0.59609375 0.28984375 0.0359375 0.0515625
7 0.746875 0.3015625 0.040625 0.05625
5 0.04453125 0.33984375 0.03125 0.046875
5 0.0234375 0.33828125 0.0265625 0.05
0 0.47109375 0.96015625 0.1203125 0.0796875
0 0.6703125 0.96640625 0.140625 0.0671875
5 0.77734375 0.88359375 0.0296875 0.0453125
8 0.18359375 0.92109375 0.2984375 0.13125