2 0.1828125 0.33828125 0.15625 0.253125
13 0.3578125 0.34140625 0.175 0.1578125
0 0.3390625 0.1078125 0.153125 0.20625
10 0.53515625 0.26328125 0.1015625 0.2328125
10 0.65234375 0.2796875 0.1046875 0.221875
10 0.08515625 0.08046875 0.1703125 0.1515625
10 0.90859375 0.28671875 0.0671875 0.059375
10 0.98046875 0.08515625 0.0390625 0.0578125
13 0.975 0.1828125 0.05 0.078125
13 0.975 0.87578125 0.05 0.0859375
5 0.984375 0.27109375 0.03125 0.0671875
5 0.87578125 0.5234375 0.0859375 0.1
5 0.86484375 0.65625 0.134375 0.10625
5 0.99140625 0.65703125 0.0171875 0.0640625
5 0.9890625 0.9734375 0.021875 0.053125
10 0.9078125 0.97578125 0.084375 0.0484375
10 0.98046875 0.77421875 0.0390625 0.0546875