6 0.5125 0.43984375 0.246875 0.059375
6 0.665625 0.621875 0.190625 0.08125
3 0.35546875 0.6375 0.228125 0.2578125
0 0.515625 0.06015625 0.15 0.06875
0 0.51015625 0.23125 0.2234375 0.228125
10 0.18046875 0.05390625 0.103125 0.028125
10 0.17265625 0.12265625 0.090625 0.028125
10 0.83359375 0.30234375 0.1125 0.04375
5 0.17265625 0.19609375 0.096875 0.03125
5 0.165625 0.26796875 0.0875 0.040625
5 0.18046875 0.34921875 0.08125 0.0359375
5 0.84140625 0.221875 0.090625 0.0421875
5 0.834375 0.140625 0.08125 0.034375
5 0.46953125 0.79375 0.075 0.040625
5 0.428125 0.91875 0.0921875 0.0421875
1 0.57734375 0.91171875 0.1 0.0484375
1 0.83671875 0.06484375 0.140625 0.040625
7 0.840625 0.41953125 0.13125 0.0703125