6 0.5 0.88203125 0.096875 0.0671875
1 0.44765625 0.74296875 0.04375 0.059375
1 0.49765625 0.740625 0.0421875 0.0515625
1 0.55 0.74375 0.04375 0.0546875
11 0.45390625 0.53046875 0.0421875 0.034375
11 0.53984375 0.53125 0.0390625 0.034375
2 0.45546875 0.64140625 0.0296875 0.015625
10 0.5 0.64140625 0.028125 0.015625
10 0.53984375 0.64140625 0.034375 0.015625
10 0.45234375 0.60703125 0.025 0.0125
10 0.49765625 0.60703125 0.025 0.015625
10 0.540625 0.60859375 0.028125 0.015625
10 0.45390625 0.575 0.0296875 0.015625
10 0.49765625 0.575 0.028125 0.015625
10 0.53984375 0.57265625 0.025 0.0125
10 0.49765625 0.53984375 0.0234375 0.0125
2 0.52109375 0.33125 0.0546875 0.025
5 0.44140625 0.33203125 0.0109375 0.015625
5 0.45859375 0.33125 0.0109375 0.015625
5 0.47421875 0.33125 0.0109375 0.015625
5 0.54765625 0.36875 0.015625 0.0234375
10 0.52109375 0.36796875 0.01875 0.025
12 0.49765625 0.2375 0.11875 0.078125