7 0.853125 0.13046875 0.1609375 0.11875
7 0.19453125 0.10078125 0.15625 0.103125
7 0.1875 0.29765625 0.15 0.1046875
7 0.42421875 0.36171875 0.1609375 0.115625
7 0.64375 0.35546875 0.1453125 0.103125
7 0.42265625 0.54453125 0.1671875 0.1109375
7 0.65234375 0.5375 0.159375 0.103125
7 0.840625 0.5375 0.1625 0.096875
7 0.42109375 0.71953125 0.1671875 0.09375
7 0.52578125 0.9125 0.1671875 0.103125
5 0.146875 0.45234375 0.04375 0.0921875
5 0.05703125 0.075 0.0484375 0.0671875
5 0.0625 0.24375 0.0546875 0.06875
5 0.5625 0.70390625 0.04375 0.0859375
5 0.65078125 0.71484375 0.05 0.084375
5 0.66640625 0.91953125 0.04375 0.084375
5 0.38984375 0.928125 0.0484375 0.078125
5 0.30078125 0.93359375 0.05625 0.0734375
5 0.95625 0.459375 0.0609375 0.03125
10 0.915625 0.32578125 0.16875 0.0671875