13 0.125 0.6765625 0.1328125 0.0703125
13 0.40859375 0.7546875 0.153125 0.08125
13 0.696875 0.8296875 0.134375 0.0703125
12 0.10703125 0.83984375 0.2140625 0.1859375
12 0.36171875 0.91484375 0.2890625 0.1703125
12 0.64921875 0.95234375 0.2984375 0.0953125
5 0.5234375 0.18671875 0.1078125 0.0640625
5 0.51953125 0.0296875 0.09375 0.05625
5 0.7375 0.45625 0.0921875 0.0546875
5 0.06953125 0.57578125 0.0859375 0.0515625
5 0.7828125 0.76875 0.090625 0.0484375
0 0.4640625 0.5359375 0.4046875 0.2515625
10 0.20234375 0.61328125 0.0765625 0.0421875
10 0.43046875 0.67578125 0.0890625 0.040625
10 0.66015625 0.73046875 0.078125 0.0484375
1 0.678125 0.0671875 0.109375 0.0765625