12 0.54375 0.08828125 0.484375 0.1765625
0 0.5265625 0.26953125 0.134375 0.0859375
0 0.51953125 0.640625 0.1921875 0.1140625
0 0.315625 0.9328125 0.134375 0.0734375
0 0.50546875 0.946875 0.1328125 0.0796875
5 0.4703125 0.79765625 0.1 0.04375
5 0.69921875 0.96640625 0.0890625 0.034375
10 0.65703125 0.23359375 0.0609375 0.0171875
10 0.65859375 0.26015625 0.05625 0.0140625
10 0.35078125 0.5421875 0.0234375 0.0328125
10 0.390625 0.54453125 0.0234375 0.034375
10 0.53984375 0.7328125 0.0625 0.028125
10 0.5484375 0.89609375 0.0703125 0.0203125
1 0.71171875 0.92890625 0.1296875 0.04375
1 0.5265625 0.4171875 0.1265625 0.0484375
5 0.52265625 0.4578125 0.1 0.0421875
5 0.271875 0.8875 0.0484375 0.0203125
5 0.41796875 0.890625 0.0484375 0.0234375
5 0.65078125 0.55625 0.028125 0.03125
5 0.6921875 0.5578125 0.0234375 0.03125