12 0.23125 0.14609375 0.2546875 0.1796875
12 0.10390625 0.72265625 0.090625 0.04375
12 0.10390625 0.77109375 0.0875 0.0375
12 0.10546875 0.81484375 0.090625 0.053125
12 0.48984375 0.140625 0.24375 0.178125
12 0.74921875 0.14921875 0.2421875 0.184375
4 0.23046875 0.42109375 0.240625 0.3671875
4 0.49765625 0.41796875 0.2484375 0.3546875
4 0.75703125 0.42109375 0.246875 0.3671875
13 0.22890625 0.721875 0.04375 0.1
13 0.42578125 0.71875 0.03125 0.09375
13 0.63046875 0.725 0.0359375 0.090625
13 0.86171875 0.75234375 0.075 0.0359375
13 0.925 0.79609375 0.0359375 0.1125
7 0.36875 0.73984375 0.046875 0.075
7 0.57109375 0.73828125 0.046875 0.071875
7 0.76875 0.734375 0.0390625 0.071875
5 0.36953125 0.67734375 0.040625 0.0375
5 0.23046875 0.803125 0.0421875 0.028125
5 0.23046875 0.83671875 0.034375 0.028125
5 0.42890625 0.803125 0.0375 0.025
5 0.43046875 0.83828125 0.0375 0.028125
5 0.56640625 0.678125 0.040625 0.028125
5 0.765625 0.67734375 0.040625 0.028125
5 0.878125 0.690625 0.0234375 0.04375
5 0.62578125 0.80390625 0.0359375 0.01875
5 0.62578125 0.83828125 0.0359375 0.025
1 0.36953125 0.80546875 0.046875 0.028125
1 0.56640625 0.80390625 0.04375 0.028125
1 0.765625 0.80546875 0.04375 0.025
2 0.85390625 0.82265625 0.065625 0.0625
0 0.30234375 0.75546875 0.0703125 0.1453125
0 0.50078125 0.75546875 0.0734375 0.153125
0 0.696875 0.76171875 0.06875 0.1625
1 0.92578125 0.70859375 0.05 0.03125
10 0.82578125 0.68828125 0.025 0.046875
10 0.853125 0.69453125 0.01875 0.046875