12 0.13359375 0.5546875 0.2671875 0.5125
0 0.6828125 0.6890625 0.2140625 0.275
0 0.6125 0.1921875 0.3734375 0.3375
1 0.371875 0.8078125 0.109375 0.08125
13 0.359375 0.5359375 0.096875 0.0796875
13 0.34375 0.4609375 0.0859375 0.08125
13 0.334375 0.36796875 0.0828125 0.0890625
1 0.75078125 0.4953125 0.1046875 0.06875
5 0.36875 0.70625 0.0796875 0.06875
10 0.36796875 0.6265625 0.06875 0.0515625
10 0.56171875 0.421875 0.0953125 0.0625
10 0.5734375 0.52109375 0.075 0.05625
5 0.74765625 0.4125 0.08125 0.0484375
5 0.33125 0.27890625 0.078125 0.0515625
5 0.31328125 0.196875 0.0796875 0.059375
5 0.3015625 0.10703125 0.084375 0.05