9 0.5375 0.46640625 0.309375 0.359375
7 0.32109375 0.140625 0.115625 0.0984375
7 0.55859375 0.21171875 0.1109375 0.090625
7 0.684375 0.76796875 0.10625 0.096875
13 0.68359375 0.22109375 0.0625 0.05625
0 0.4875 0.81015625 0.215625 0.271875
5 0.3125 0.23828125 0.0609375 0.034375
5 0.3 0.384375 0.0296875 0.075
5 0.38671875 0.22109375 0.0171875 0.05625
5 0.453125 0.18828125 0.04375 0.040625
5 0.69765625 0.878125 0.05 0.03125
5 0.27890625 0.696875 0.025 0.0625
5 0.303125 0.61015625 0.0375 0.075
10 0.32421875 0.77578125 0.0484375 0.0625
10 0.68984375 0.91875 0.0546875 0.025