12 0.29296875 0.85078125 0.2765625 0.2703125
12 0.52265625 0.8796875 0.2828125 0.240625
0 0.48046875 0.56171875 0.4671875 0.4171875
1 0.659375 0.14921875 0.1171875 0.0796875
5 0.51015625 0.1140625 0.1109375 0.0765625
5 0.5046875 0.303125 0.1015625 0.0703125
5 0.221875 0.63828125 0.05 0.0359375
5 0.68828125 0.75859375 0.0453125 0.0359375
5 0.7421875 0.50859375 0.05 0.0328125
5 0.27734375 0.3859375 0.0484375 0.028125
10 0.21171875 0.66953125 0.046875 0.03125
10 0.7578125 0.4765625 0.059375 0.0359375