14 0.56171875 0.14375 0.265625 0.2875
14 0.840625 0.14140625 0.265625 0.2828125
12 0.159375 0.515625 0.31875 0.965625
12 0.87578125 0.475 0.246875 0.221875
6 0.85859375 0.91796875 0.1109375 0.140625
6 0.68515625 0.90703125 0.1109375 0.125
11 0.46953125 0.85546875 0.1875 0.0796875
0 0.53515625 0.59609375 0.29375 0.28125
1 0.91328125 0.66953125 0.06875 0.08125
1 0.915625 0.765625 0.06875 0.065625
5 0.72890625 0.30703125 0.0484375 0.0296875
5 0.89296875 0.30625 0.065625 0.03125
5 0.76171875 0.69609375 0.05 0.0984375
5 0.62578125 0.803125 0.0515625 0.0359375
5 0.82578125 0.7 0.0296875 0.0671875
10 0.41484375 0.93125 0.0390625 0.01875
10 0.525 0.93203125 0.059375 0.028125
5 0.81171875 0.80703125 0.0390625 0.0234375