6 0.71171875 0.6609375 0.1203125 0.1734375
6 0.753125 0.38359375 0.115625 0.165625
6 0.23359375 0.35625 0.1125 0.1625
12 0.9203125 0.54921875 0.159375 0.4171875
12 0.0859375 0.4078125 0.171875 0.490625
11 0.2953125 0.64296875 0.071875 0.146875
0 0.471542240625 0.8368877078124999 0.668551071875 0.5320315843750001 0.669371221875 0.5268533609375 0.5792497421875 0.1613530859375 0.5784753421875 0.1612304328125 0.388682346875 0.463704596875 0.38779683593750003 0.46929548906249996 0.470405515625 0.8367076687500001 0.471542240625 0.8368877078124999
2 0.359375 0.7625 0.0421875 0.0484375
7 0.196875 0.5265625 0.0609375 0.1390625
1 0.23828125 0.21328125 0.06875 0.0734375
1 0.16640625 0.653125 0.0625 0.0640625
0 0.80546875 0.5375 0.06875 0.128125
13 0.8046875 0.72421875 0.053125 0.065625
10 0.80546875 0.66015625 0.0234375 0.0390625
10 0.83984375 0.45 0.0234375 0.0296875
5 0.846875 0.40546875 0.0234375 0.0328125
5 0.85390625 0.3609375 0.0234375 0.0296875
5 0.859375 0.31484375 0.0265625 0.0375
5 0.25390625 0.47421875 0.025 0.040625
5 0.371875 0.7046875 0.028125 0.03125
10 0.24140625 0.54921875 0.025 0.0609375
10 0.32421875 0.70390625 0.015625 0.053125
10 0.33515625 0.63046875 0.015625 0.0390625
10 0.34140625 0.4953125 0.0234375 0.0640625
10 0.3546875 0.42578125 0.0140625 0.0421875
10 0.315625 0.45625 0.05625 0.1453125
10 0.58663338125 0.762063215625 0.5971472890625 0.7931631578125 0.6073442484375 0.775025315625 0.5990702109375 0.7434958328125 0.598176390625 0.7433542656250001 0.587185475 0.7585774375 0.58663338125 0.762063215625
10 0.6345129359375 0.6595277671875001 0.6400126875 0.690499290625 0.6527883890624999 0.669878540625 0.644208628125 0.635160753125 0.6433055078125001 0.6350177125 0.635997746875 0.6501530468750001 0.6345129359375 0.6595277671875001
10 0.3931984359375 0.73483738125 0.3968406640625 0.7683402703125 0.410699740625 0.7509763546875 0.40389550781250005 0.7189111046875001 0.40247227187499995 0.7186856859375 0.3942397109375 0.728263028125 0.3931984359375 0.73483738125
10 0.6200165578125 0.1717382234375 0.6244454109375 0.1977117765625 0.6347375625 0.184833671875 0.629465278125 0.148740746875 0.628658515625 0.14861296875000002 0.6217667625 0.16068787499999998 0.6200165578125 0.1717382234375
10 0.378595415625 0.327626815625 0.38723273125 0.357949409375 0.40175674375000003 0.3375124625 0.39191329218750004 0.3041173734375 0.3896441296875 0.3037579734375 0.379745371875 0.3203662703125 0.378595415625 0.327626815625
5 0.6370701859375 0.823169678125 0.6458277109375 0.8590916921874999 0.6571038015624999 0.8433591453125 0.6505241640625 0.8054325484374999 0.6480091578125 0.8050342109375 0.63792261875 0.8177876312500001 0.6370701859375 0.823169678125
10 0.3765625 0.66953125 0.03125 0.028125