12 0.51484375 0.4546875 0.1015625 0.803125
12 0.84453125 0.46953125 0.1015625 0.80625
12 0.07890625 0.2671875 0.140625 0.1375
12 0.06484375 0.6171875 0.1296875 0.434375
12 0.93359375 0.521875 0.1328125 0.78125
6 0.2640625 0.90546875 0.1609375 0.0609375
2 0.359375 0.1515625 0.140625 0.11875
13 0.4640625 0.15234375 0.046875 0.0796875
7 0.23515625 0.06171875 0.053125 0.05625
10 0.34296875 0.065625 0.0796875 0.040625
10 0.4515625 0.0671875 0.071875 0.028125
10 0.23359375 0.10703125 0.04375 0.0296875
10 0.22421875 0.20390625 0.0453125 0.0265625
10 0.415625 0.36484375 0.078125 0.04375
10 0.453125 0.47734375 0.0453125 0.0765625
10 0.30703125 0.225 0.04375 0.0265625
10 0.1703125 0.1859375 0.0234375 0.046875
10 0.44765625 0.56875 0.0546875 0.0265625
10 0.44296875 0.596875 0.0359375 0.0234375
10 0.44453125 0.625 0.040625 0.0140625
10 0.44375 0.6546875 0.0421875 0.0265625
10 0.43828125 0.68046875 0.0390625 0.0203125
10 0.43984375 0.77421875 0.0390625 0.06875
6 0.65703125 0.9484375 0.10625 0.0765625
10 0.47265625 0.27890625 0.0265625 0.0375
0 0.4 0.278125 0.103125 0.09375
0 0.328125 0.4625 0.15625 0.1296875
0 0.31796875 0.61484375 0.1109375 0.15625
0 0.31015625 0.7640625 0.1375 0.1125
5 0.6734375 0.2015625 0.0390625 0.0203125
5 0.17734375 0.05859375 0.0203125 0.040625
5 0.17734375 0.12578125 0.025 0.040625
5 0.303125 0.2453125 0.0375 0.0234375
5 0.30078125 0.2671875 0.0421875 0.0140625
5 0.29765625 0.29609375 0.040625 0.0203125
5 0.3 0.315625 0.0453125 0.0234375
5 0.28515625 0.3546875 0.0203125 0.03125
5 0.3109375 0.35859375 0.0265625 0.0359375
5 0.34140625 0.35703125 0.0265625 0.0359375
5 0.6765625 0.22890625 0.04375 0.01875
5 0.67421875 0.259375 0.03125 0.0203125
5 0.67109375 0.28515625 0.028125 0.0203125
5 0.67265625 0.31328125 0.0359375 0.0234375
5 0.65703125 0.46875 0.0265625 0.0421875
5 0.69921875 0.46953125 0.025 0.0328125
5 0.62890625 0.6078125 0.0328125 0.04375
1 0.0828125 0.1328125 0.0546875 0.0390625
0 0.22578125 0.15078125 0.0546875 0.046875