7 0.1546875 0.1390625 0.30625 0.2
7 0.66875 0.06796875 0.31875 0.1359375
7 0.7171875 0.22421875 0.303125 0.2140625
7 0.21171875 0.33984375 0.3171875 0.23125
7 0.26953125 0.55234375 0.315625 0.2234375
7 0.2828125 0.76328125 0.3203125 0.2203125
7 0.79921875 0.65625 0.2984375 0.2078125
7 0.75625 0.44140625 0.29375 0.21875
5 0.4140625 0.0921875 0.146875 0.1484375
5 0.4484375 0.265625 0.15625 0.146875
5 0.5234375 0.50234375 0.1578125 0.1578125
5 0.55703125 0.68515625 0.1296875 0.1484375
10 0.35078125 0.92890625 0.2015625 0.1328125