6 0.55859375 0.875 0.31875 0.246875
11 0.1921875 0.075 0.371875 0.15
5 0.64921875 0.1 0.109375 0.196875
5 0.34609375 0.76484375 0.06875 0.1296875
5 0.36015625 0.5234375 0.0890625 0.0625
5 0.36953125 0.44140625 0.0609375 0.1265625
5 0.3609375 0.32421875 0.0796875 0.0765625
10 0.3953125 0.20234375 0.078125 0.08125
10 0.26875 0.1796875 0.071875 0.065625
10 0.071875 0.17734375 0.0625 0.0640625
6 0.51484375 0.0875 0.071875 0.1328125
0 0.134375 0.35 0.18125 0.21875
12 0.27109375 0.7546875 0.0984375 0.1875
12 0.11484375 0.91015625 0.2296875 0.1359375
12 0.1859375 0.753125 0.071875 0.1875
12 0.11171875 0.73984375 0.071875 0.2328125
10 0.36171875 0.61875 0.078125 0.0578125
12 0.7265625 0.49921875 0.546875 0.4265625
10 0.5265625 0.7140625 0.0796875 0.0640625