4 0.2125 0.42734375 0.25 0.21875
4 0.39453125 0.365625 0.234375 0.2296875
4 0.546875 0.28828125 0.234375 0.2234375
4 0.72421875 0.21796875 0.23125 0.165625
12 0.89453125 0.38828125 0.0625 0.09375
12 0.84140625 0.51328125 0.1671875 0.1125
7 0.240625 0.64375 0.046875 0.04375
7 0.41875 0.58671875 0.0375 0.0390625
7 0.58359375 0.52421875 0.04375 0.0390625
7 0.74296875 0.46640625 0.04375 0.0375
13 0.28515625 0.59375 0.046875 0.04375
13 0.446875 0.53046875 0.053125 0.0359375
13 0.60859375 0.47890625 0.059375 0.0421875
13 0.759375 0.41640625 0.05 0.04375
5 0.26796875 0.68046875 0.040625 0.03125
5 0.284375 0.71171875 0.0421875 0.0390625
5 0.43125 0.61875 0.0484375 0.034375
5 0.45703125 0.64453125 0.040625 0.0296875
5 0.603125 0.55703125 0.04375 0.028125
5 0.62578125 0.58125 0.03125 0.028125
5 0.76484375 0.49375 0.046875 0.034375
1 0.43359375 0.690625 0.04375 0.025
1 0.5 0.659375 0.04375 0.03125
1 0.57421875 0.63984375 0.0375 0.0359375
1 0.64140625 0.6125 0.0359375 0.0390625
0 0.34453125 0.63359375 0.0859375 0.10625
0 0.51953125 0.571875 0.0859375 0.090625
0 0.684375 0.51171875 0.0859375 0.0984375
0 0.83828125 0.44375 0.084375 0.084375