0 0.69375 0.4828125 0.41875 0.3921875
0 0.2640625 0.41171875 0.1234375 0.1203125
0 0.28359375 0.61015625 0.134375 0.1578125
7 0.3765625 0.5015625 0.06875 0.0734375
7 0.3640625 0.39765625 0.0640625 0.0703125
6 0.08984375 0.3875 0.1078125 0.0734375
6 0.11875 0.6859375 0.1140625 0.0828125
5 0.20078125 0.665625 0.0265625 0.0484375
5 0.175 0.3796875 0.0203125 0.0453125
5 0.18125 0.44453125 0.025 0.0484375
5 0.45390625 0.3546875 0.0203125 0.0421875
5 0.41796875 0.36796875 0.0265625 0.0484375
5 0.35703125 0.346875 0.04375 0.0234375
5 0.44296875 0.4421875 0.0390625 0.028125
5 0.44765625 0.47109375 0.0359375 0.0265625
5 0.4484375 0.496875 0.0375 0.025
5 0.453125 0.525 0.040625 0.0234375
5 0.45546875 0.55703125 0.0453125 0.03125
1 0.4609375 0.5859375 0.05 0.0296875
1 0.440625 0.41484375 0.0546875 0.028125
5 0.37578125 0.5515625 0.0390625 0.028125
12 0.084375 0.54140625 0.1515625 0.159375
10 0.48125 0.64140625 0.0296875 0.05
10 0.44453125 0.64375 0.028125 0.05
13 0.38046875 0.6296875 0.0390625 0.0765625
13 0.1953125 0.6015625 0.03125 0.0453125
10 0.19296875 0.52890625 0.021875 0.0546875