12 0.659375 0.284375 0.5203125 0.5203125
4 0.370147915625 0.310149696875 0.36818863749999997 0.3106382 0.20780424218750002 0.6262647375 0.209627671875 0.6335781171875 0.47575917343749996 0.7301037546875 0.4864966609375 0.7274265984375 0.6497208156250001 0.42652380624999997 0.370147915625 0.310149696875
4 0.4725816640625 0.7258832578125001 0.7296327453125 0.8120852140625001 0.8987853640625 0.532515725 0.6458973875 0.441079021875 0.6327237109375 0.4443635890625 0.471145884375 0.7201246578125 0.4725816640625 0.7258832578125001
12 0.23671875 0.81328125 0.1578125 0.15625
12 0.45078125 0.88046875 0.18125 0.159375
1 0.6078125 0.80859375 0.0671875 0.0609375
5 0.54296875 0.7875 0.0625 0.0578125
7 0.18046875 0.57890625 0.078125 0.078125
1 0.13984375 0.66640625 0.0609375 0.05625
5 0.2125 0.68828125 0.0546875 0.0515625
5 0.23515625 0.64609375 0.0609375 0.0484375
0 0.35234375 0.72734375 0.1421875 0.1359375
0 0.4421875 0.76171875 0.109375 0.103125