14 0.41015625 0.1515625 0.3109375 0.303125
14 0.1359375 0.18125 0.271875 0.30625
12 0.82265625 0.48515625 0.3546875 0.9703125
12 0.1328125 0.5203125 0.265625 0.2625
6 0.19609375 0.9515625 0.1328125 0.096875
6 0.37578125 0.9390625 0.1328125 0.121875
11 0.59453125 0.8671875 0.20625 0.10625
0 0.49296875 0.6046875 0.34375 0.3328125
1 0.10703125 0.73046875 0.0828125 0.0921875
1 0.1171875 0.83125 0.0796875 0.075
5 0.25390625 0.328125 0.053125 0.0359375
5 0.08203125 0.3484375 0.0703125 0.0421875
5 0.26953125 0.73828125 0.065625 0.109375
5 0.425 0.8328125 0.059375 0.04375
5 0.20234375 0.75078125 0.0375 0.071875
10 0.6625 0.93984375 0.0421875 0.0234375
10 0.546875 0.9546875 0.0640625 0.0359375
5 0.23203125 0.8609375 0.0453125 0.028125