0 0.54765625 0.63671875 0.190625 0.3796875
13 0.53203125 0.32109375 0.1640625 0.1078125
1 0.290625 0.15625 0.0453125 0.096875
10 0.76484375 0.81875 0.0578125 0.05625
10 0.7625 0.74296875 0.0578125 0.046875
10 0.76015625 0.5890625 0.05 0.04375
10 0.75390625 0.509375 0.053125 0.05
10 0.7453125 0.28125 0.0546875 0.0390625
10 0.7375 0.203125 0.05625 0.04375
10 0.73359375 0.1234375 0.0578125 0.0375
10 0.36875 0.925 0.0546875 0.04375
10 0.35703125 0.84921875 0.0515625 0.0515625
10 0.240625 0.903125 0.0296875 0.0703125
10 0.3578125 0.775 0.0515625 0.040625
10 0.31171875 0.6296875 0.03125 0.08125
10 0.37421875 0.56953125 0.0390625 0.0734375
10 0.340625 0.43203125 0.0578125 0.046875
10 0.34140625 0.35234375 0.0546875 0.0359375
10 0.33203125 0.26796875 0.0515625 0.053125
10 0.2015625 0.58359375 0.046875 0.040625
10 0.2 0.51328125 0.053125 0.0484375
5 0.75859375 0.659375 0.05625 0.0515625
5 0.75078125 0.43359375 0.0484375 0.04375
5 0.74765625 0.3484375 0.071875 0.0484375
5 0.21328125 0.4328125 0.09375 0.059375
5 0.2046875 0.31796875 0.0953125 0.0640625
5 0.221875 0.77890625 0.090625 0.0640625
5 0.21953125 0.66796875 0.090625 0.0609375
10 0.1796875 0.1703125 0.0296875 0.071875
5 0.36484375 0.1625 0.0453125 0.0921875
5 0.5546875 0.91796875 0.0625 0.053125