8 0.77734375 0.553125 0.4453125 0.346875
11 0.33671875 0.43125 0.2359375 0.0828125
0 0.13359375 0.57890625 0.090625 0.1046875
0 0.14296875 0.4109375 0.0796875 0.0890625
13 0.35390625 0.5890625 0.0328125 0.071875
10 0.1421875 0.50546875 0.0484375 0.03125
10 0.14453125 0.46953125 0.071875 0.034375
5 0.31015625 0.58984375 0.0265625 0.0671875
5 0.271875 0.5859375 0.0265625 0.0609375
5 0.234375 0.58359375 0.0359375 0.0640625
5 0.3484375 0.5109375 0.0515625 0.034375
5 0.25390625 0.5109375 0.0625 0.0359375
5 0.04453125 0.57265625 0.0359375 0.0859375
5 0.053125 0.39765625 0.05 0.0828125