0 0.50625 0.33203125 0.228125 0.1296875
5 0.38671875 0.759375 0.1 0.05
5 0.38515625 0.69453125 0.103125 0.0421875
5 0.39296875 0.63671875 0.1 0.04375
5 0.70625 0.63046875 0.0984375 0.040625
5 0.80546875 0.83203125 0.0421875 0.0921875
5 0.75625 0.33515625 0.09375 0.04375
5 0.253125 0.39453125 0.0984375 0.0484375
5 0.25546875 0.33359375 0.09375 0.04375
5 0.259375 0.27890625 0.084375 0.0375
10 0.41875 0.18515625 0.0671875 0.0984375
10 0.578125 0.18125 0.059375 0.0875
1 0.64765625 0.8375 0.1609375 0.11875