0 0.59453125 0.96796875 0.1234375 0.0625
0 0.56015625 0.7875 0.2703125 0.25625
6 0.68125 0.34140625 0.175 0.0828125
3 0.3609375 0.36953125 0.3109375 0.2984375
6 0.5265625 0.55859375 0.240625 0.096875
7 0.91328125 0.53828125 0.134375 0.084375
1 0.9484375 0.91875 0.103125 0.06875
1 0.559375 0.03203125 0.13125 0.0640625
5 0.94296875 0.83984375 0.1125 0.0546875
5 0.92578125 0.753125 0.134375 0.0578125
5 0.46328125 0.17421875 0.0921875 0.0578125
5 0.409375 0.04140625 0.0875 0.0453125
5 0.19921875 0.85390625 0.1296875 0.05625
5 0.19453125 0.77890625 0.1234375 0.05625
5 0.19140625 0.7 0.1078125 0.065625
10 0.2203125 0.9890625 0.10625 0.021875
10 0.2015625 0.93046875 0.0953125 0.071875
10 0.9203125 0.66015625 0.1140625 0.0671875