12 0.4953125 0.14765625 0.990625 0.2953125
13 0.065625 0.35625 0.11875 0.096875
11 0.20546875 0.81015625 0.1296875 0.1
0 0.51875 0.77734375 0.434375 0.284375
0 0.25625 0.46875 0.4546875 0.103125
0 0.85625 0.44921875 0.259375 0.178125
0 0.61953125 0.42890625 0.196875 0.109375
7 0.19921875 0.575 0.09375 0.0515625
1 0.59609375 0.58046875 0.1109375 0.0234375
1 0.59296875 0.61171875 0.1046875 0.025
1 0.84296875 0.58125 0.1171875 0.0234375
1 0.840625 0.61484375 0.134375 0.025
1 0.23359375 0.94140625 0.1171875 0.0296875
10 0.20546875 0.89453125 0.0484375 0.01875
10 0.20625 0.87578125 0.0546875 0.0125
10 0.20859375 0.753125 0.053125 0.0125
10 0.77421875 0.81796875 0.04375 0.03125
10 0.93828125 0.55625 0.1046875 0.0203125
10 0.62578125 0.5125 0.059375 0.0125
10 0.25859375 0.67578125 0.0296875 0.0234375
10 0.765625 0.66328125 0.028125 0.025
10 0.48359375 0.33203125 0.0625 0.0421875
10 0.390625 0.4125 0.084375 0.0109375
1 0.06015625 0.56171875 0.059375 0.05
5 0.36015625 0.334375 0.146875 0.0328125
5 0.61640625 0.33203125 0.1609375 0.025
5 0.2 0.34296875 0.0953125 0.015625
5 0.20390625 0.36796875 0.0921875 0.021875
5 0.33828125 0.54140625 0.0953125 0.01875
5 0.36875 0.58046875 0.046875 0.0359375
5 0.30859375 0.57890625 0.053125 0.0359375
5 0.065625 0.60078125 0.06875 0.015625
5 0.20625 0.64921875 0.0921875 0.01875
5 0.78515625 0.84609375 0.0671875 0.0125
5 0.78125 0.865625 0.0609375 0.01875
5 0.80546875 0.909375 0.071875 0.01875
5 0.49375 0.39453125 0.0359375 0.0296875
5 0.69453125 0.58203125 0.0359375 0.025
5 0.74765625 0.58125 0.0421875 0.025
5 0.74453125 0.61328125 0.03125 0.0234375
5 0.69765625 0.61328125 0.0359375 0.021875