12 0.88359375 0.4375 0.128125 0.240625
12 0.90703125 0.1765625 0.13125 0.2359375
12 0.10703125 0.190625 0.00625 0.0046875
12 0.196875 0.10234375 0.125 0.2046875
12 0.15234375 0.34140625 0.1421875 0.2359375
0 0.4796875 0.60390625 0.290625 0.1484375
0 0.4484375 0.8875 0.128125 0.065625
5 0.5234375 0.96640625 0.084375 0.0375
1 0.36484375 0.94921875 0.1 0.04375
5 0.28203125 0.884375 0.065625 0.0203125
5 0.67421875 0.8 0.109375 0.040625
5 0.2609375 0.72265625 0.0921875 0.0359375
5 0.25 0.7703125 0.0921875 0.0390625
5 0.2640625 0.85703125 0.028125 0.028125
5 0.51484375 0.709375 0.0578125 0.01875
5 0.58828125 0.71953125 0.0515625 0.01875
5 0.275 0.5921875 0.0484375 0.01875
5 0.2796875 0.5703125 0.05 0.01875
5 0.28046875 0.54765625 0.053125 0.0203125
5 0.28515625 0.49765625 0.0546875 0.015625
5 0.45234375 0.50078125 0.0484375 0.0203125
5 0.53359375 0.509375 0.05625 0.0171875
10 0.3046875 0.86015625 0.0375 0.025
10 0.3453125 0.8625 0.028125 0.0296875
10 0.56328125 0.88984375 0.0234375 0.025
10 0.60390625 0.89453125 0.0375 0.0296875
10 0.271875 0.634375 0.0484375 0.01875