12 0.93046875 0.85625 0.1390625 0.1875
12 0.8566621124999999 0.7938469265625 0.7481637375 0.8090953781250001 0.6132499015625 0.82811916875 0.60986644375 0.83265933125 0.63147598125 0.9864191859375 0.88244113125 0.9511483343749999 0.8566621124999999 0.7938469265625
12 0.532278278125 1 0.5959382671875 0.9914305421874999 0.613806365625 0.9889193453124999 0.5878483953125 0.8304485968750001 0.5563300421874999 0.834477990625 0.340812403125 0.86476701875 0.338845034375 0.868971328125 0.3572599140625 1 0.532278278125 1
12 0.342337365625 1 0.32412358124999996 0.8699616546875 0.3043737703125 0.8687385046875 0.264832546875 0.8738674359375 0.077598821875 0.9001814203125 0.0736675734375 0.9158760015625 0.08452954375 1 0.342337365625 1
0 0.565625 0.621875 0.309375 0.1703125
0 0.53984375 0.390625 0.334375 0.2203125
10 0.746875 0.565625 0.034375 0.040625
10 0.38515625 0.61796875 0.034375 0.0453125
10 0.75625 0.39296875 0.0296875 0.04375
10 0.75625 0.33984375 0.034375 0.0421875
10 0.33359375 0.4546875 0.0328125 0.046875
5 0.5578125 0.1734375 0.1171875 0.059375
5 0.57734375 0.025 0.1046875 0.05
1 0.4109375 0.0421875 0.1265625 0.0515625
10 0.55703125 0.2875 0.0640625 0.025
10 0.58515625 0.4875 0.065625 0.03125