6 0.48046875 0.19453125 0.1046875 0.1125
6 0.37265625 0.271875 0.103125 0.103125
6 0.27421875 0.346875 0.1 0.1046875
6 0.16796875 0.43359375 0.1125 0.10625
6 0.56328125 0.290625 0.090625 0.11875
6 0.65 0.39375 0.10625 0.103125
6 0.740625 0.503125 0.103125 0.109375
6 0.46328125 0.36875 0.090625 0.09375
6 0.54609375 0.47265625 0.10625 0.1125
6 0.646875 0.58671875 0.1046875 0.13125
6 0.36640625 0.45390625 0.1 0.109375
6 0.44921875 0.55859375 0.09375 0.1171875
6 0.53984375 0.65859375 0.109375 0.121875
6 0.26015625 0.52890625 0.109375 0.10625
6 0.34609375 0.628125 0.103125 0.10625
6 0.434375 0.74609375 0.10625 0.13125
12 0.715625 0.23515625 0.21875 0.25