3 0.65390625 0.525 0.184375 0.178125
0 0.46953125 0.46953125 0.253125 0.221875
12 0.13359375 0.2625 0.196875 0.2
7 0.284375 0.31875 0.059375 0.0625
12 0.84921875 0.6625 0.259375 0.2125
5 0.37578125 0.36796875 0.053125 0.034375
10 0.33984375 0.35 0.04375 0.0390625
5 0.30625 0.44453125 0.046875 0.046875
5 0.26875 0.42890625 0.0390625 0.034375
5 0.19375 0.38046875 0.046875 0.046875
5 0.46015625 0.603125 0.065625 0.0546875
5 0.37890625 0.56171875 0.05625 0.0390625
5 0.31328125 0.521875 0.046875 0.0375
1 0.23046875 0.40703125 0.04375 0.0421875