3 0.50078125 0.20625 0.484375 0.3375
6 0.365625 0.56171875 0.2296875 0.0703125
0 0.63125 0.51015625 0.134375 0.065625
0 0.634375 0.62265625 0.134375 0.059375
0 0.503125 0.89765625 0.14375 0.071875
7 0.31796875 0.90234375 0.0984375 0.06875
5 0.690625 0.921875 0.0875 0.0421875
1 0.69296875 0.87578125 0.10625 0.034375
5 0.459375 0.76015625 0.0984375 0.0359375
5 0.28515625 0.85 0.0625 0.01875
5 0.4 0.85078125 0.046875 0.0171875
5 0.740625 0.79921875 0.059375 0.0171875
5 0.73203125 0.73203125 0.05625 0.0203125
5 0.73046875 0.57578125 0.03125 0.034375
10 0.73984375 0.51484375 0.0359375 0.03125
10 0.73125 0.62734375 0.028125 0.028125
10 0.53671875 0.85078125 0.059375 0.015625