12 0.9015625 0.54375 0.196875 0.553125
12 0.7828125 0.0828125 0.2171875 0.1421875
1 0.15703125 0.72109375 0.1078125 0.1171875
1 0.17109375 0.55625 0.11875 0.115625
0 0.5265625 0.4796875 0.190625 0.3390625
0 0.221875 0.36640625 0.0859375 0.1421875
0 0.23828125 0.178125 0.0796875 0.1390625
0 0.40078125 0.21875 0.096875 0.159375
10 0.73828125 0.38671875 0.084375 0.0828125
10 0.74609375 0.24375 0.075 0.0734375
10 0.73984375 0.53203125 0.04375 0.0390625
10 0.3765625 0.50625 0.0421875 0.04375
10 0.41796875 0.696875 0.0390625 0.0421875
5 0.28359375 0.74609375 0.05 0.046875
5 0.29140625 0.63125 0.0484375 0.046875
10 0.621875 0.93359375 0.0234375 0.071875
5 0.14140625 0.36484375 0.028125 0.078125
5 0.15625 0.16171875 0.034375 0.0984375
5 0.32109375 0.2109375 0.0296875 0.0984375
5 0.72890625 0.65234375 0.059375 0.05
5 0.72109375 0.7640625 0.053125 0.0453125
5 0.41015625 0.7984375 0.040625 0.0515625
5 0.7125 0.8734375 0.0421875 0.0421875
5 0.703125 0.97578125 0.04375 0.0390625