7 0.3578125 0.11171875 0.2 0.2234375
7 0.56015625 0.13203125 0.2171875 0.2640625
7 0.77265625 0.16171875 0.196875 0.25625
7 0.69609375 0.5015625 0.2078125 0.35625
7 0.4796875 0.4859375 0.175 0.3453125
7 0.215625 0.43046875 0.2109375 0.353125
5 0.36015625 0.41328125 0.075 0.16875
5 0.48203125 0.8390625 0.0828125 0.0953125
5 0.59140625 0.859375 0.1 0.1125
10 0.56328125 0.96796875 0.0921875 0.0640625
10 0.46484375 0.9578125 0.0859375 0.08125
10 0.371875 0.903125 0.084375 0.1671875
10 0.28203125 0.88046875 0.1296875 0.1859375
10 0.67109375 0.94375 0.0828125 0.1125