9 0.759375 0.275 0.2546875 0.5328125
5 0.51484375 0.2578125 0.1484375 0.09375
5 0.3578125 0.2796875 0.0625 0.24375
5 0.19140625 0.275 0.0609375 0.2390625
1 0.084375 0.534375 0.1171875 0.240625
1 0.34375 0.53203125 0.1171875 0.2609375
3 0.4421875 0.771875 0.2390625 0.3015625
1 0.91640625 0.55078125 0.1125 0.1921875
5 0.921875 0.2953125 0.05 0.2625
12 0.08515625 0.1890625 0.0625 0.190625
12 0.08046875 0.78984375 0.0734375 0.2484375
10 0.23515625 0.5515625 0.0453125 0.234375
10 0.184375 0.55078125 0.0546875 0.2140625
0 0.5203125 0.47109375 0.1796875 0.35