0 0.68984375 0.49453125 0.278125 0.153125
0 0.69296875 0.70078125 0.1125 0.0671875
0 0.278125 0.67578125 0.1171875 0.0734375
7 0.271875 0.503125 0.084375 0.06875
3 0.51015625 0.25859375 0.421875 0.2625
12 0.50625 0.03359375 0.215625 0.0671875
5 0.284375 0.41953125 0.0859375 0.0359375
5 0.52109375 0.62734375 0.0875 0.0375
5 0.628125 0.89296875 0.090625 0.034375
5 0.48046875 0.790625 0.1046875 0.034375
1 0.40859375 0.89453125 0.08125 0.0375
5 0.27421875 0.59140625 0.0921875 0.0359375
10 0.390625 0.67421875 0.053125 0.0546875
10 0.51953125 0.69453125 0.0609375 0.0515625
10 0.68984375 0.62734375 0.0984375 0.028125