3 0.909375 0.2015625 0.18125 0.3125
2 0.45546875 0.58984375 0.43125 0.7578125
0 0.725 0.66640625 0.1921875 0.290625
5 0.93046875 0.6140625 0.1015625 0.090625
5 0.91171875 0.75546875 0.096875 0.10625
5 0.90234375 0.8953125 0.1015625 0.0953125
5 0.74140625 0.35 0.103125 0.1015625
5 0.78046875 0.14375 0.06875 0.165625
5 0.69609375 0.1484375 0.075 0.1796875
5 0.61328125 0.12890625 0.06875 0.1734375
5 0.53125 0.1203125 0.0734375 0.1703125
5 0.44140625 0.10625 0.0734375 0.1875
5 0.35703125 0.1046875 0.0765625 0.1859375
10 0.23984375 0.16796875 0.1796875 0.3359375
10 0.1953125 0.65390625 0.171875 0.41875
5 0.6890625 0.88515625 0.11875 0.109375
10 0.72890625 0.46796875 0.096875 0.0890625
10 0.94453125 0.46640625 0.103125 0.10625