12 0.25390625 0.121875 0.4296875 0.0640625
12 0.784375 0.13359375 0.43125 0.0734375
12 0.78828125 0.3171875 0.40625 0.0703125
12 0.25625 0.30390625 0.40625 0.065625
0 0.52109375 0.46484375 0.4078125 0.1484375
0 0.5046875 0.8421875 0.1296875 0.08125
1 0.5890625 0.94375 0.115625 0.0421875
5 0.42890625 0.93671875 0.1140625 0.0328125
5 0.840625 0.390625 0.0578125 0.0234375
5 0.84296875 0.42578125 0.040625 0.021875
5 0.8421875 0.45546875 0.0484375 0.0203125
5 0.3984375 0.671875 0.1171875 0.0546875
5 0.725 0.61875 0.10625 0.0375
5 0.72421875 0.6796875 0.084375 0.040625
5 0.728125 0.74140625 0.0984375 0.0328125
5 0.684375 0.87109375 0.05 0.01875
5 0.70546875 0.83828125 0.0375 0.034375
10 0.76640625 0.521875 0.028125 0.0234375
10 0.36171875 0.828125 0.0375 0.04375
10 0.40859375 0.8265625 0.0328125 0.034375
10 0.62734375 0.83359375 0.021875 0.0375
10 0.66796875 0.834375 0.021875 0.0375