6 0.20859375 0.446875 0.2 0.0828125
12 0.48203125 0.19453125 0.9640625 0.3890625
13 0.77421875 0.35234375 0.1015625 0.103125
10 0.65 0.38203125 0.0640625 0.06875
10 0.475 0.3625 0.0890625 0.034375
10 0.25078125 0.5390625 0.0875 0.03125
10 0.4328125 0.48046875 0.071875 0.0265625
10 0.5828125 0.61953125 0.0625 0.021875
10 0.4828125 0.6390625 0.0390625 0.0359375
10 0.66171875 0.6890625 0.0671875 0.0265625
10 0.40703125 0.73046875 0.065625 0.028125
10 0.68046875 0.79453125 0.071875 0.0296875
10 0.4234375 0.83515625 0.071875 0.0390625
5 0.5171875 0.40078125 0.0484375 0.040625
5 0.4546875 0.4109375 0.0390625 0.0453125
5 0.25546875 0.57265625 0.084375 0.0359375
5 0.2421875 0.50390625 0.0703125 0.03125
5 0.59609375 0.915625 0.08125 0.0359375
5 0.3703125 0.98125 0.0734375 0.03125
1 0.77109375 0.9171875 0.0828125 0.0375
0 0.50859375 0.546875 0.29375 0.134375
0 0.66875 0.740625 0.0953125 0.0640625
0 0.41171875 0.78125 0.09375 0.0609375