12 0.58984375 0.0890625 0.2609375 0.178125
0 0.3015625 0.36796875 0.184375 0.1171875
0 0.74765625 0.43828125 0.26875 0.1484375
0 0.4765625 0.775 0.3015625 0.1625
1 0.60078125 0.9515625 0.1109375 0.0546875
5 0.30703125 0.89921875 0.1015625 0.046875
10 0.28359375 0.6734375 0.0578125 0.059375
10 0.69296875 0.740625 0.078125 0.0703125
10 0.3765625 0.51640625 0.065625 0.06875
10 0.64453125 0.559375 0.0640625 0.0734375
5 0.5078125 0.534375 0.0546875 0.06875
5 0.3984375 0.6078125 0.1078125 0.0453125
5 0.58671875 0.64296875 0.096875 0.040625