12 0.5015625 0.06328125 0.259375 0.1265625
0 0.51328125 0.66953125 0.2578125 0.1359375
0 0.51796875 0.37265625 0.1875 0.059375
2 0.74140625 0.37265625 0.171875 0.075
5 0.31328125 0.39375 0.09375 0.0609375
5 0.90234375 0.346875 0.075 0.021875
5 0.55390625 0.4875 0.08125 0.021875
5 0.31328125 0.71171875 0.05 0.046875
5 0.31015625 0.64140625 0.05 0.05
5 0.47109375 0.82734375 0.09375 0.0359375
5 0.375 0.91796875 0.090625 0.0296875
10 0.509375 0.41953125 0.0984375 0.0234375
10 0.49296875 0.58046875 0.0875 0.01875
10 0.6875 0.675 0.0546875 0.046875
1 0.64375 0.92265625 0.1015625 0.028125
1 0.51015625 0.24609375 0.1375 0.05625