12 0.27265625 0.13203125 0.2203125 0.2390625
12 0.8234375 0.13359375 0.240625 0.2515625
0 0.54921875 0.43125 0.2859375 0.196875
10 0.56015625 0.559375 0.1203125 0.03125
5 0.38203125 0.753125 0.11875 0.034375
5 0.384375 0.80234375 0.1 0.0296875
5 0.38125 0.84140625 0.1 0.025
5 0.809375 0.75703125 0.09375 0.0265625
5 0.80703125 0.79921875 0.0921875 0.0234375
5 0.809375 0.84453125 0.0875 0.0203125
5 0.68359375 0.96328125 0.103125 0.025
5 0.496875 0.97578125 0.0625 0.0484375
1 0.3 0.97265625 0.15 0.0546875