15 0.57265625 0.51796875 0.2171875 0.471875
15 0.084375 0.5453125 0.16875 0.440625
13 0.52265625 0.25234375 0.1703125 0.065625
13 0.6546875 0.19296875 0.2421875 0.0640625
13 0.2265625 0.21328125 0.1890625 0.0828125
13 0.08359375 0.271875 0.1671875 0.0625
1 0.82265625 0.88671875 0.190625 0.0515625
1 0.3 0.91171875 0.1703125 0.053125
13 0.8171875 0.8421875 0.1390625 0.0609375
13 0.2859375 0.85625 0.1515625 0.0421875
7 0.65625 0.78828125 0.08125 0.08125
7 0.14609375 0.803125 0.090625 0.075
5 0.96953125 0.86484375 0.0609375 0.0796875
5 0.446875 0.884375 0.040625 0.065625
5 0.13828125 0.85859375 0.078125 0.0328125
5 0.65859375 0.84296875 0.0828125 0.0375
5 0.575 0.8015625 0.04375 0.0734375
5 0.046875 0.828125 0.05 0.0703125
12 0.82578125 0.4265625 0.0984375 0.1421875
12 0.31953125 0.43359375 0.0890625 0.146875
12 0.4140625 0.08515625 0.828125 0.1703125
12 0.96484375 0.625 0.0703125 0.15625