15 0.975 0.66328125 0.046875 0.2359375
15 0.90625 0.6578125 0.0515625 0.2140625
15 0.8421875 0.63984375 0.0453125 0.2328125
15 0.771875 0.6453125 0.0484375 0.2171875
15 0.70625 0.63359375 0.0453125 0.2484375
15 0.64140625 0.63515625 0.0375 0.23125
15 0.57265625 0.64296875 0.040625 0.2234375
15 0.5125 0.64453125 0.0390625 0.2203125
15 0.4453125 0.6375 0.0390625 0.2203125
15 0.3796875 0.63203125 0.0390625 0.2203125
15 0.3125 0.6296875 0.0359375 0.23125
15 0.2453125 0.6296875 0.0359375 0.2390625
15 0.178125 0.63046875 0.0359375 0.2296875
15 0.11328125 0.63046875 0.0359375 0.1953125
12 0.76796875 0.93828125 0.4359375 0.1234375
12 0.24453125 0.93984375 0.4515625 0.11875
12 0.015625 0.72734375 0.03125 0.1984375
12 0.04296875 0.3375 0.0859375 0.38125
12 0.5375 0.21171875 0.25625 0.125
12 0.63359375 0.0609375 0.0875 0.115625
13 0.975 0.4046875 0.025 0.1390625
13 0.909375 0.39765625 0.028125 0.1234375
13 0.84375 0.39765625 0.0265625 0.1125
13 0.77578125 0.4 0.0265625 0.11875
13 0.71328125 0.40546875 0.028125 0.0875
13 0.6453125 0.3953125 0.021875 0.109375
13 0.5921875 0.3875 0.0265625 0.09375
13 0.50703125 0.38671875 0.0234375 0.109375
13 0.4546875 0.384375 0.0296875 0.0875
13 0.38828125 0.384375 0.0265625 0.1140625
13 0.325 0.3875 0.028125 0.0875
13 0.2609375 0.3734375 0.0265625 0.1046875
13 0.1921875 0.37578125 0.0234375 0.1046875
13 0.1234375 0.37109375 0.0265625 0.10625
13 0.84453125 0.28125 0.0375 0.0453125
13 0.7734375 0.2765625 0.0453125 0.0328125
13 0.26875 0.2515625 0.05 0.0359375
13 0.2 0.25390625 0.040625 0.053125
0 0.83515625 0.184375 0.0578125 0.096875
0 0.2640625 0.1703125 0.0625 0.0875
10 0.87109375 0.09140625 0.0296875 0.0375
10 0.83828125 0.08515625 0.0390625 0.0546875
10 0.3015625 0.07890625 0.0265625 0.0484375
10 0.25625 0.1046875 0.059375 0.053125
1 0.790625 0.11875 0.0421875 0.0765625
1 0.353125 0.1140625 0.0375 0.0875
13 0.4046875 0.11953125 0.0359375 0.0578125
13 0.715625 0.1390625 0.046875 0.0609375
5 0.85234375 0.04140625 0.0578125 0.0484375
5 0.77578125 0.05390625 0.0375 0.040625
5 0.7171875 0.090625 0.0390625 0.05625
5 0.44921875 0.04765625 0.05 0.0671875
5 0.36171875 0.04609375 0.0453125 0.0515625
5 0.2890625 0.0296875 0.046875 0.0390625
5 0.196875 0.02890625 0.053125 0.034375