7 0.26328125 0.109375 0.18125 0.0609375
7 0.27890625 0.23828125 0.159375 0.0546875
7 0.26171875 0.365625 0.1671875 0.06875
7 0.29296875 0.49453125 0.178125 0.059375
7 0.27890625 0.61953125 0.1421875 0.059375
7 0.27734375 0.76171875 0.125 0.071875
7 0.27265625 0.884375 0.1171875 0.0546875
1 0.715625 0.109375 0.34375 0.0484375
1 0.71796875 0.234375 0.265625 0.0421875
1 0.72578125 0.3625 0.315625 0.046875
1 0.703125 0.48828125 0.3421875 0.04375
1 0.71953125 0.61875 0.290625 0.04375
1 0.71953125 0.75625 0.28125 0.040625
1 0.71875 0.88046875 0.246875 0.040625
5 0.32265625 0.05859375 0.14375 0.0296875
5 0.32578125 0.18671875 0.1484375 0.0375
5 0.31328125 0.31796875 0.15625 0.025
5 0.290625 0.44609375 0.165625 0.028125
5 0.33359375 0.578125 0.14375 0.0296875
5 0.328125 0.7125 0.1546875 0.028125
5 0.30546875 0.84453125 0.18125 0.03125
5 0.77265625 0.93359375 0.23125 0.0421875
5 0.78203125 0.8 0.2296875 0.03125
5 0.76953125 0.66640625 0.25625 0.0359375
5 0.78515625 0.53984375 0.15 0.03125
5 0.778125 0.40625 0.1734375 0.034375
5 0.76953125 0.278125 0.18125 0.0421875
5 0.784375 0.14609375 0.1796875 0.0375