7 0.821875 0.17265625 0.2109375 0.1078125
7 0.775 0.30859375 0.1875 0.096875
7 0.76484375 0.45078125 0.196875 0.1125
7 0.70078125 0.584375 0.20625 0.1078125
7 0.68671875 0.7234375 0.1671875 0.096875
7 0.65625 0.87734375 0.1515625 0.10625
7 0.6328125 0.984375 0.1375 0.03125
1 0.33046875 0.06796875 0.3859375 0.13125
1 0.3 0.20234375 0.3 0.10625
1 0.2609375 0.340625 0.353125 0.121875
1 0.25625 0.4828125 0.3796875 0.1265625
1 0.20859375 0.6203125 0.325 0.115625
1 0.1765625 0.76953125 0.3140625 0.1078125
1 0.14921875 0.9046875 0.278125 0.1
5 0.76875 0.10234375 0.1625 0.065625
5 0.73671875 0.24140625 0.16875 0.075
5 0.71875 0.38671875 0.1765625 0.0640625
5 0.71484375 0.53125 0.1859375 0.06875
5 0.6375 0.66484375 0.1625 0.0640625
5 0.6125 0.8125 0.1734375 0.065625
5 0.60625 0.96171875 0.203125 0.075
5 0.1125 0.80234375 0.225 0.0859375
5 0.14296875 0.6609375 0.2859375 0.096875
5 0.1546875 0.51953125 0.1703125 0.06875
5 0.19375 0.37578125 0.196875 0.0765625
5 0.2328125 0.2390625 0.20625 0.0875
5 0.24765625 0.09140625 0.203125 0.08125