12 0.478125 0.43125 0.340625 0.146875
12 0.37734375 0.84609375 0.184375 0.1
12 0.65078125 0.83671875 0.171875 0.08125
1 0.38203125 0.68203125 0.0484375 0.0546875
1 0.51171875 0.67890625 0.0625 0.0734375
1 0.628125 0.678125 0.0671875 0.0671875
1 0.7625 0.68984375 0.0671875 0.06875
13 0.38046875 0.615625 0.03125 0.071875
13 0.50859375 0.61484375 0.0359375 0.0515625
13 0.634375 0.61796875 0.04375 0.065625
13 0.75625 0.6125 0.046875 0.065625
1 0.70234375 0.41953125 0.059375 0.0703125
5 0.70390625 0.46171875 0.0625 0.04375
5 0.38046875 0.74609375 0.040625 0.0734375
5 0.50859375 0.74921875 0.034375 0.078125
5 0.62734375 0.73984375 0.0421875 0.0625
5 0.75234375 0.74296875 0.040625 0.0546875
15 0.31328125 0.66328125 0.0875 0.1765625
15 0.45234375 0.66875 0.075 0.184375
15 0.571875 0.67109375 0.05625 0.175
15 0.709375 0.665625 0.059375 0.1625