12 0.41796875 0.1890625 0.1296875 0.1265625
12 0.209375 0.28125 0.1546875 0.1328125
12 0.3306599328125 0.8609351437500001 0.37168301875 0.9426699296875001 0.850004965625 0.7749053140625 0.7922291203125 0.6895967203125 0.7841446828125 0.6890314015625 0.33098854843750003 0.856235734375 0.3306599328125 0.8609351437500001
4 0.3203125 0.72109375 0.3671875 0.3296875
4 0.5703125 0.6296875 0.36875 0.35
7 0.615625 0.30703125 0.0640625 0.078125
7 0.2234375 0.471875 0.06875 0.0625
13 0.2953125 0.446875 0.0625 0.0625
13 0.53046875 0.35 0.0671875 0.0609375
1 0.5890625 0.203125 0.0671875 0.05625
1 0.14609375 0.38046875 0.0515625 0.0453125
5 0.5375 0.27890625 0.059375 0.05
5 0.51171875 0.23203125 0.0578125 0.040625
5 0.24453125 0.39609375 0.0546875 0.04375
5 0.2140625 0.35234375 0.0546875 0.034375
0 0.31796875 0.35 0.1140625 0.1234375
0 0.40859375 0.309375 0.1390625 0.1359375