6 0.7984375 0.39375 0.21875 0.0921875
12 0.52265625 0.16484375 0.9546875 0.3296875
13 0.18046875 0.29140625 0.1109375 0.1140625
10 0.31640625 0.32265625 0.06875 0.075
10 0.50703125 0.3015625 0.0984375 0.0390625
10 0.7515625 0.49375 0.096875 0.0359375
10 0.553125 0.43046875 0.078125 0.028125
10 0.3890625 0.5828125 0.0703125 0.025
10 0.4984375 0.60390625 0.040625 0.0390625
10 0.30234375 0.65859375 0.0734375 0.0296875
10 0.58203125 0.70390625 0.071875 0.03125
10 0.28203125 0.77421875 0.0796875 0.0328125
10 0.56328125 0.81875 0.078125 0.0421875
5 0.4609375 0.34375 0.0546875 0.046875
5 0.52890625 0.35390625 0.040625 0.0515625
5 0.746875 0.53203125 0.0921875 0.040625
5 0.7609375 0.45625 0.0765625 0.0359375
5 0.375 0.90625 0.0890625 0.0390625
5 0.62109375 0.97890625 0.0828125 0.0359375
1 0.1828125 0.9078125 0.0921875 0.0421875
0 0.4703125 0.503125 0.321875 0.146875
0 0.2953125 0.71484375 0.1046875 0.06875
0 0.57578125 0.759375 0.1046875 0.0671875