12 0.8625 0.128125 0.2390625 0.221875
2 0.784375 0.65390625 0.0625 0.134375
1 0.75625 0.80234375 0.1609375 0.0984375
0 0.26796875 0.253125 0.1953125 0.196875
0 0.55703125 0.07421875 0.0984375 0.09375
7 0.07734375 0.06484375 0.10625 0.065625
0 0.66484375 0.47890625 0.09375 0.078125
13 0.503125 0.47890625 0.1296875 0.05625
10 0.503125 0.59140625 0.1609375 0.0875
10 0.26640625 0.46796875 0.046875 0.078125
10 0.35234375 0.47578125 0.05625 0.0546875
10 0.08515625 0.15625 0.09375 0.046875
10 0.08203125 0.22109375 0.08125 0.040625
10 0.30703125 0.07734375 0.078125 0.0484375
10 0.43828125 0.075 0.059375 0.0734375
10 0.79609375 0.484375 0.046875 0.065625
10 0.340625 0.5875 0.053125 0.0625
5 0.68046875 0.07890625 0.05 0.078125
5 0.18984375 0.45859375 0.040625 0.06875
5 0.19140625 0.59296875 0.059375 0.0859375
5 0.26796875 0.590625 0.0671875 0.0875
5 0.67578125 0.690625 0.053125 0.08125
5 0.27265625 0.68828125 0.084375 0.04375
5 0.24375 0.80234375 0.08125 0.040625
5 0.52109375 0.803125 0.0875 0.0375
2 0.57109375 0.31171875 0.2796875 0.20625