12 0.45546875 0.22578125 0.7890625 0.4515625
11 0.221875 0.62890625 0.1078125 0.078125
0 0.54296875 0.65 0.40625 0.2375
1 0.8796875 0.8890625 0.11875 0.04375
5 0.2921875 0.83046875 0.0734375 0.03125
5 0.2734375 0.71640625 0.0484375 0.0234375
5 0.296875 0.85625 0.06875 0.0296875
5 0.31484375 0.98125 0.1015625 0.0375
5 0.85 0.7328125 0.06875 0.028125
5 0.86484375 0.7578125 0.078125 0.03125
5 0.82734375 0.559375 0.04375 0.0203125
5 0.7625 0.5109375 0.06875 0.025
5 0.34921875 0.5296875 0.0421875 0.04375
5 0.48046875 0.50234375 0.0375 0.0390625
5 0.53984375 0.49375 0.0390625 0.0359375
5 0.6015625 0.4828125 0.0453125 0.040625
5 0.665625 0.47109375 0.0359375 0.03125
10 0.19609375 0.5875 0.0515625 0.025
10 0.24453125 0.67109375 0.0515625 0.021875
10 0.8234375 0.540625 0.05625 0.0234375
10 0.8375 0.6296875 0.0546875 0.028125
10 0.8484375 0.66171875 0.053125 0.021875
10 0.28203125 0.759375 0.05625 0.0265625
10 0.28359375 0.7609375 0.0703125 0.025
10 0.4875 0.76953125 0.0640625 0.025