12 0.88359375 0.77578125 0.184375 0.31875
1 0.278125 0.275 0.08125 0.1296875
1 0.50859375 0.29296875 0.078125 0.1421875
1 0.73515625 0.28203125 0.0828125 0.125
10 0.25546875 0.184375 0.0296875 0.0328125
10 0.31484375 0.196875 0.021875 0.03125
10 0.69765625 0.2 0.03125 0.0359375
5 0.76328125 0.2 0.028125 0.028125
5 0.31484375 0.42265625 0.0375 0.05
5 0.50703125 0.40625 0.0421875 0.040625
5 0.76640625 0.425 0.034375 0.0484375
5 0.76171875 0.50625 0.0296875 0.03125
7 0.70390625 0.38515625 0.046875 0.075
7 0.25390625 0.37890625 0.0375 0.075
5 0.32109375 0.50078125 0.0234375 0.0359375
5 0.51484375 0.52421875 0.0421875 0.05625
1 0.70390625 0.50078125 0.028125 0.046875
1 0.25234375 0.50234375 0.0375 0.046875
10 0.26796875 0.55234375 0.040625 0.03125
10 0.73671875 0.56015625 0.03125 0.034375