12 0.24765625 0.9359375 0.384375 0.11875
12 0.55703125 0.1625 0.471875 0.2953125
12 0.74375 0.94921875 0.38125 0.1015625
6 0.128125 0.309375 0.18125 0.1546875
6 0.3046875 0.33515625 0.159375 0.1515625
6 0.4890625 0.35703125 0.1625 0.1546875
6 0.6640625 0.38203125 0.159375 0.1546875
6 0.846875 0.40625 0.1796875 0.1578125
6 0.96875 0.4140625 0.0625 0.1625
13 0.1890625 0.50234375 0.0609375 0.1265625
13 0.365625 0.51484375 0.0484375 0.0953125
13 0.534375 0.54140625 0.04375 0.109375
13 0.71484375 0.553125 0.0484375 0.0890625
13 0.8859375 0.571875 0.040625 0.08125
15 0.08046875 0.60546875 0.1265625 0.3765625
15 0.2609375 0.6125 0.134375 0.3875
15 0.4375 0.64140625 0.14375 0.384375
15 0.6125 0.65703125 0.1328125 0.38125
15 0.796875 0.6734375 0.1515625 0.3828125
15 0.94765625 0.7 0.1046875 0.41875
1 0.178125 0.6296875 0.0609375 0.0765625
1 0.35390625 0.64296875 0.05 0.075
1 0.5296875 0.66640625 0.05 0.0734375
1 0.696875 0.67578125 0.046875 0.06875
1 0.8765625 0.69375 0.059375 0.0796875
1 0.87421875 0.14140625 0.090625 0.1015625
5 0.8734375 0.22109375 0.0765625 0.065625
5 0.1640625 0.74296875 0.0484375 0.128125
5 0.340625 0.76875 0.0390625 0.1109375
5 0.5140625 0.775 0.04375 0.109375
5 0.68359375 0.809375 0.0515625 0.1359375
5 0.86015625 0.81953125 0.05 0.1046875