8 0.5796875 0.19375 0.825 0.3875
11 0.509375 0.34140625 0.215625 0.0984375
10 0.40703125 0.62265625 0.0703125 0.09375
10 0.3125 0.59296875 0.078125 0.0734375
5 0.61953125 0.6703125 0.06875 0.075
5 0.521875 0.64609375 0.071875 0.0734375
5 0.47890625 0.76328125 0.09375 0.0515625
5 0.48203125 0.91328125 0.0984375 0.0515625
5 0.68671875 0.38671875 0.0625 0.071875
5 0.33125 0.38984375 0.09375 0.0578125
5 0.30546875 0.484375 0.103125 0.0578125
5 0.675 0.575 0.1140625 0.0609375
0 0.5046875 0.49140625 0.16875 0.146875
1 0.3109375 0.88046875 0.15 0.08125