6 0.3373083484375 0.11466865156249999 0.3330494046875 0.06478034218749999 0.1354344125 0.06478034218749999 0.1354344125 0.1116902453125 0.3373083484375 0.11466865156249999
6 0.76328125 0.090625 0.1984375 0.0484375
6 0.23359375 0.24453125 0.1875 0.059375
6 0.759375 0.24921875 0.184375 0.046875
6 0.240625 0.40390625 0.18125 0.04375
6 0.76875 0.40625 0.1875 0.046875
5 0.23828125 0.140625 0.1109375 0.021875
5 0.75390625 0.140625 0.10625 0.021875
5 0.23828125 0.29765625 0.1109375 0.025
5 0.75859375 0.29921875 0.10625 0.025
5 0.23828125 0.45859375 0.096875 0.0234375
5 0.75625 0.45703125 0.096875 0.025
5 0.39921875 0.55625 0.096875 0.025
5 0.49609375 0.609375 0.0859375 0.01875
5 0.50625 0.64375 0.0859375 0.025
5 0.2125 0.93359375 0.0921875 0.0234375
5 0.46328125 0.83359375 0.096875 0.021875
10 0.628125 0.71484375 0.0515625 0.0484375
2 0.49921875 0.76953125 0.0921875 0.025
1 0.50625 0.93671875 0.11875 0.0375
0 0.50234375 0.709375 0.11875 0.046875
10 0.603125 0.553125 0.1109375 0.028125