1 0.925 0.09296875 0.134375 0.0921875
1 0.08046875 0.09375 0.14375 0.090625
12 0.49609375 0.24296875 0.7 0.4859375
5 0.084375 0.16875 0.096875 0.0296875
5 0.934375 0.16640625 0.090625 0.028125
5 0.08515625 0.35 0.090625 0.028125
5 0.08203125 0.390625 0.0859375 0.028125
5 0.08203125 0.47265625 0.0984375 0.028125
5 0.93046875 0.43046875 0.10625 0.034375
5 0.93046875 0.47265625 0.09375 0.028125
5 0.25234375 0.53984375 0.04375 0.05
5 0.353125 0.90390625 0.046875 0.0546875
5 0.43046875 0.903125 0.078125 0.05625
5 0.51328125 0.90234375 0.0484375 0.04375
5 0.590625 0.90234375 0.059375 0.0484375
5 0.828125 0.9 0.05625 0.05
1 0.70078125 0.90078125 0.1421875 0.0796875
10 0.225 0.90625 0.1765625 0.071875
10 0.07421875 0.42890625 0.0859375 0.034375
10 0.17265625 0.53828125 0.05625 0.0515625
10 0.33125 0.53984375 0.05 0.05625
10 0.403125 0.540625 0.065625 0.0625
10 0.75 0.5375 0.065625 0.0484375
10 0.828125 0.5375 0.0609375 0.0546875
10 0.93203125 0.38828125 0.09375 0.0296875
11 0.578125 0.54140625 0.259375 0.08125
0 0.49375 0.721875 0.7296875 0.2109375
2 0.928125 0.27421875 0.071875 0.0875