4 0.640625 0.44921875 0.340625 0.38125
4 0.45625 0.26875 0.35625 0.271875
12 0.71328125 0.275 0.3421875 0.25
13 0.503125 0.65 0.0703125 0.0671875
13 0.30234375 0.50078125 0.053125 0.0421875
7 0.575 0.715625 0.0515625 0.059375
7 0.221875 0.453125 0.053125 0.0421875
5 0.23984375 0.52578125 0.05 0.04375
5 0.47421875 0.70078125 0.046875 0.0359375
5 0.43828125 0.72109375 0.040625 0.0375
12 0.16640625 0.565625 0.115625 0.14375
12 0.33203125 0.7 0.146875 0.16875
1 0.49453125 0.76328125 0.0421875 0.046875
0 0.37578125 0.61328125 0.11875 0.1
0 0.31015625 0.57109375 0.121875 0.0984375