0 0.5015625 0.38125 0.471875 0.2875
10 0.30234375 0.68203125 0.1203125 0.0609375
2 0.41875 0.6328125 0.0671875 0.0765625
10 0.78984375 0.53203125 0.1015625 0.05
13 0.6984375 0.1125 0.1578125 0.0765625
0 0.1625 0.2484375 0.1609375 0.1296875
13 0.296875 0.22578125 0.09375 0.10625
1 0.4515625 0.090625 0.125 0.0703125
1 0.20703125 0.459375 0.0953125 0.0921875
1 0.8078125 0.3328125 0.0859375 0.0875
5 0.2890625 0.63359375 0.09375 0.0421875
5 0.28359375 0.58359375 0.1203125 0.0625
5 0.51640625 0.59140625 0.084375 0.0375
5 0.65 0.56171875 0.0890625 0.040625
5 0.5390625 0.64296875 0.059375 0.0515625
5 0.6171875 0.62890625 0.0484375 0.053125
5 0.19140625 0.39375 0.0859375 0.046875
5 0.62265625 0.0625 0.103125 0.0609375
5 0.79296875 0.26328125 0.0765625 0.0421875
10 0.17109375 0.32890625 0.084375 0.040625
10 0.69921875 0.16796875 0.115625 0.0640625
10 0.41328125 0.2328125 0.0953125 0.04375
5 0.25 0.13125 0.075 0.0390625