0 0.5359375 0.5421875 0.1828125 0.1125
0 0.29375 0.75546875 0.084375 0.046875
1 0.55234375 0.06484375 0.0828125 0.0921875
1 0.5140625 0.965625 0.1234375 0.0625
1 0.37734375 0.0796875 0.0984375 0.075
5 0.7390625 0.3453125 0.1140625 0.046875
5 0.7453125 0.3984375 0.1015625 0.04375
5 0.74609375 0.4578125 0.0921875 0.04375
5 0.6578125 0.9390625 0.0625 0.075
5 0.75625 0.928125 0.059375 0.0875
5 0.85703125 0.93359375 0.0671875 0.08125
10 0.41953125 0.74765625 0.0578125 0.0734375
10 0.1640625 0.76484375 0.0671875 0.071875
10 0.29921875 0.47421875 0.109375 0.0421875
10 0.29453125 0.425 0.0953125 0.0453125
0 0.48515625 0.21640625 0.2 0.134375