7 0.565625 0.33671875 0.1078125 0.1171875
5 0.7421875 0.484375 0.05625 0.040625
5 0.66015625 0.61484375 0.04375 0.0578125
5 0.62421875 0.58828125 0.0375 0.0578125
5 0.59296875 0.5671875 0.0421875 0.0484375
5 0.56015625 0.5421875 0.0375 0.0546875
10 0.5109375 0.271875 0.0453125 0.0640625
10 0.49140625 0.4828125 0.046875 0.0609375
10 0.421875 0.43203125 0.046875 0.05625
10 0.3875 0.4125 0.0484375 0.046875
10 0.328125 0.36328125 0.0359375 0.0515625
10 0.28203125 0.33046875 0.0625 0.053125
10 0.72890625 0.6609375 0.0453125 0.0609375
10 0.69296875 0.6359375 0.040625 0.05
12 0.7203125 0.25 0.2796875 0.1421875
13 0.5296875 0.509375 0.0546875 0.053125