12 0.24765625 0.153125 0.3296875 0.30625
12 0.846875 0.19765625 0.30625 0.3515625
0 0.35625 0.39765625 0.1265625 0.1125
0 0.67890625 0.42265625 0.1140625 0.0734375
0 0.50078125 0.6265625 0.225 0.1546875
0 0.4734375 0.85390625 0.146875 0.0546875
1 0.540625 0.95546875 0.1125 0.0390625
11 0.48046875 0.75 0.1265625 0.103125
10 0.76171875 0.6359375 0.05625 0.0484375
10 0.2421875 0.584375 0.0453125 0.0390625
10 0.28515625 0.5796875 0.0234375 0.0328125
10 0.32578125 0.625 0.028125 0.03125
10 0.25234375 0.65625 0.0453125 0.0234375
10 0.25234375 0.68515625 0.0640625 0.0203125
10 0.2328125 0.36171875 0.071875 0.025
10 0.21484375 0.396875 0.0875 0.0328125
10 0.48515625 0.40703125 0.046875 0.0484375
10 0.55703125 0.41015625 0.0375 0.04375
10 0.796875 0.4375 0.0390625 0.0453125
10 0.60546875 0.47109375 0.0890625 0.0234375
10 0.59296875 0.52578125 0.0578125 0.01875
10 0.3625 0.4859375 0.053125 0.021875
10 0.35234375 0.52890625 0.0453125 0.0234375
10 0.6109375 0.35625 0.0703125 0.0296875
5 0.43203125 0.31484375 0.0734375 0.0375
5 0.52421875 0.3265625 0.0453125 0.0234375
5 0.61796875 0.33359375 0.0609375 0.021875
5 0.35703125 0.50859375 0.0609375 0.021875
5 0.5921875 0.50078125 0.090625 0.0328125
5 0.58828125 0.54609375 0.065625 0.025
5 0.7015625 0.6875 0.0609375 0.03125
5 0.3875 0.9359375 0.1171875 0.0453125