8 0.4640625 0.25703125 0.903125 0.5140625
0 0.603125 0.74765625 0.3703125 0.265625
13 0.90234375 0.00859375 0.1109375 0.0171875
13 0.15546875 0.64921875 0.096875 0.1171875
11 0.28515625 0.6609375 0.1078125 0.1359375
5 0.00859375 0.4546875 0.0171875 0.0625
5 0.215625 0.90859375 0.0796875 0.1015625
5 0.75234375 0.89375 0.109375 0.04375
5 0.8625 0.80546875 0.06875 0.0734375
5 0.84765625 0.67578125 0.06875 0.08125
5 0.8453125 0.55 0.065625 0.0609375
10 0.73359375 0.5609375 0.0765625 0.075
10 0.45 0.925 0.1375 0.0671875
10 0.1375 0.53125 0.0890625 0.0625