14 0.25078125 0.11171875 0.1859375 0.1671875
14 0.43828125 0.109375 0.184375 0.1734375
1 0.703125 0.03515625 0.0484375 0.0375
1 0.784375 0.03515625 0.04375 0.03125
1 0.70625 0.09921875 0.04375 0.04375
1 0.78515625 0.09921875 0.040625 0.04375
1 0.70390625 0.16171875 0.0421875 0.0359375
1 0.78046875 0.16015625 0.04375 0.0359375
1 0.709375 0.225 0.040625 0.046875
1 0.78046875 0.225 0.046875 0.0359375
6 0.08515625 0.409375 0.0875 0.078125
7 0.05625 0.26015625 0.0375 0.040625
7 0.10546875 0.25859375 0.03125 0.0359375
7 0.15 0.259375 0.0328125 0.0328125
7 0.2 0.26015625 0.028125 0.0359375
0 0.38046875 0.471875 0.20625 0.203125
0 0.69375 0.51640625 0.153125 0.10625
0 0.478125 0.71484375 0.1125 0.1171875
0 0.7125 0.71640625 0.121875 0.1125
11 0.578125 0.54609375 0.0484375 0.11875
0 0.29609375 0.725 0.109375 0.06875
9 0.746875 0.37109375 0.1421875 0.140625
12 0.63671875 0.37734375 0.0234375 0.0546875
10 0.06484375 0.31875 0.0109375 0.025
10 0.26015625 0.63046875 0.01875 0.0359375
10 0.58828125 0.70390625 0.0125 0.028125
10 0.528125 0.59453125 0.0078125 0.028125
10 0.621875 0.60390625 0.0125 0.03125
10 0.59921875 0.434375 0.0171875 0.025
5 0.09140625 0.32109375 0.0125 0.0234375
5 0.11796875 0.31953125 0.0125 0.025
5 0.15078125 0.32109375 0.0125 0.0234375
5 0.18125 0.321875 0.009375 0.025
5 0.20703125 0.32109375 0.0109375 0.0359375
5 0.6 0.27578125 0.009375 0.0296875
5 0.62265625 0.27421875 0.0171875 0.028125
5 0.646875 0.27421875 0.00625 0.01875
5 0.66796875 0.275 0.0125 0.0328125
5 0.69453125 0.27578125 0.0109375 0.028125
5 0.71640625 0.27578125 0.0109375 0.0234375
5 0.7375 0.27265625 0.0078125 0.0234375
5 0.7625 0.27421875 0.015625 0.0234375
5 0.78515625 0.278125 0.0125 0.0234375
5 0.27734375 0.81484375 0.0171875 0.0296875
5 0.51015625 0.82109375 0.0234375 0.03125
5 0.59609375 0.81953125 0.015625 0.0234375
5 0.62734375 0.81796875 0.0171875 0.0296875
5 0.65703125 0.81875 0.015625 0.0234375
5 0.690625 0.81796875 0.0109375 0.028125
5 0.721875 0.81640625 0.015625 0.034375
5 0.759375 0.81953125 0.0125 0.025
10 0.371875 0.70234375 0.0109375 0.0234375
5 0.35703125 0.61875 0.025 0.0109375
10 0.2125 0.70234375 0.0125 0.0234375