15 0.834375 0.11015625 0.33125 0.2046875
2 0.13828125 0.5359375 0.15 0.2359375
2 0.0609375 0.8078125 0.121875 0.2375
13 0.15390625 0.76796875 0.0640625 0.2046875
13 0.35859375 0.65546875 0.0484375 0.1578125
13 0.93359375 0.5859375 0.065625 0.1796875
13 0.81640625 0.32734375 0.06875 0.171875
1 0.7515625 0.68828125 0.0328125 0.0984375
1 0.4671875 0.58984375 0.03125 0.109375
5 0.3859375 0.421875 0.1125 0.1109375
5 0.27734375 0.4796875 0.0453125 0.04375
5 0.41328125 0.58046875 0.025 0.096875
5 0.40078125 0.84375 0.0515625 0.0484375
5 0.39609375 0.90859375 0.046875 0.05
5 0.7765625 0.52421875 0.028125 0.0953125
5 0.85625 0.5015625 0.053125 0.05
5 0.8515625 0.6296875 0.05625 0.05
5 0.8109375 0.71015625 0.0328125 0.0921875
5 0.85 0.73203125 0.0328125 0.103125
7 0.89765625 0.7296875 0.0484375 0.0921875
7 0.40234375 0.7453125 0.0515625 0.0890625
0 0.2625 0.70078125 0.115625 0.30625
0 0.60703125 0.60390625 0.178125 0.553125
12 0.92421875 0.35390625 0.1515625 0.2109375
12 0.77734375 0.88984375 0.2015625 0.2203125
10 0.73125 0.52421875 0.028125 0.096875
10 0.04453125 0.56015625 0.040625 0.1046875
10 0.4609375 0.7421875 0.0328125 0.0859375
10 0.853125 0.56796875 0.0453125 0.053125