12 0.38125 0.075 0.2375 0.15
12 0.621875 0.075 0.2375 0.1421875
7 0.28515625 0.26328125 0.10625 0.08125
0 0.50703125 0.40546875 0.171875 0.109375
0 0.32734375 0.89921875 0.1125 0.0625
0 0.49609375 0.896875 0.1296875 0.0671875
5 0.46953125 0.54609375 0.08125 0.0359375
5 0.54453125 0.25625 0.046875 0.0484375
5 0.284375 0.85078125 0.046875 0.0171875
5 0.409375 0.85390625 0.0546875 0.0125
5 0.69375 0.92109375 0.121875 0.03125
1 0.69765625 0.87734375 0.121875 0.034375
5 0.778125 0.59375 0.0390625 0.0375
10 0.37265625 0.240625 0.0234375 0.0296875
10 0.43359375 0.24453125 0.0546875 0.0546875
10 0.61484375 0.25703125 0.03125 0.05
10 0.68671875 0.26171875 0.05 0.065625
10 0.75703125 0.259375 0.0390625 0.053125
10 0.53984375 0.853125 0.0390625 0.021875
10 0.38125 0.39296875 0.0328125 0.03125
10 0.46015625 0.31328125 0.053125 0.015625
10 0.634375 0.37109375 0.03125 0.0296875