12 0.2890625 0.9640625 0.26875 0.071875
12 0.58359375 0.9328125 0.2578125 0.134375
12 0.8484375 0.8734375 0.303125 0.18125
12 0.19921875 0.81171875 0.228125 0.0890625
7 0.5125 0.84296875 0.1265625 0.071875
7 0.79609375 0.78046875 0.1203125 0.0703125
5 0.2046875 0.86171875 0.0953125 0.046875
5 0.459375 0.7578125 0.0421875 0.0375
5 0.52578125 0.74375 0.0375 0.034375
5 0.74609375 0.69765625 0.040625 0.0359375
5 0.80859375 0.68359375 0.040625 0.034375
5 0.40546875 0.18515625 0.09375 0.0421875
7 0.225 0.0859375 0.0953125 0.071875
1 0.6203125 0.01875 0.096875 0.0375
5 0.19765625 0.12734375 0.0421875 0.0171875
5 0.33125 0.09921875 0.0453125 0.0171875
10 0.46015625 0.071875 0.0484375 0.0234375
10 0.19921875 0.69453125 0.040625 0.040625
10 0.26328125 0.6828125 0.0375 0.0375
10 0.171875 0.55390625 0.04375 0.0390625
10 0.234375 0.5421875 0.0375 0.0375
10 0.3921875 0.43671875 0.0453125 0.021875
5 0.4953125 0.41640625 0.0359375 0.0171875
5 0.65703125 0.3828125 0.0453125 0.0234375
5 0.7453125 0.36328125 0.0453125 0.021875
0 0.52890625 0.55625 0.4625 0.2703125
0 0.4171875 0.0421875 0.134375 0.0828125