0 0.50078125 0.48828125 0.215625 0.1421875
0 0.49765625 0.85234375 0.140625 0.109375
1 0.65859375 0.125 0.11875 0.053125
6 0.37734375 0.121875 0.2796875 0.165625
5 0.45859375 0.29921875 0.10625 0.05625
5 0.29609375 0.43984375 0.1296875 0.059375
10 0.29453125 0.51328125 0.11875 0.05625
5 0.29453125 0.58203125 0.1171875 0.059375
5 0.68984375 0.87578125 0.1125 0.04375
5 0.66328125 0.46484375 0.046875 0.1109375
5 0.746875 0.465625 0.046875 0.115625
5 0.45703125 0.65703125 0.1171875 0.059375
7 0.31171875 0.84453125 0.1296875 0.1
1 0.69296875 0.81484375 0.1140625 0.05
10 0.53046875 0.77890625 0.0546875 0.025
5 0.40546875 0.778125 0.05 0.0234375
5 0.27734375 0.77890625 0.053125 0.0203125