10 0.81171875 0.11875 0.2609375 0.2375
10 0.7953125 0.70546875 0.165625 0.096875
10 0.93671875 0.890625 0.090625 0.0609375
7 0.38359375 0.20546875 0.134375 0.1234375
7 0.328125 0.40078125 0.146875 0.1203125
7 0.69921875 0.50859375 0.1328125 0.1125
7 0.54609375 0.53203125 0.125 0.1046875
7 0.3578125 0.56328125 0.1546875 0.1078125
7 0.571875 0.70546875 0.1625 0.1125
7 0.390625 0.7328125 0.14375 0.10625
7 0.7703125 0.89765625 0.146875 0.1125
7 0.20625 0.821875 0.1421875 0.103125
7 0.23359375 0.978125 0.1265625 0.04375
5 0.79453125 0.57421875 0.0609375 0.040625
5 0.49765625 0.17421875 0.05625 0.090625
5 0.51484375 0.36328125 0.046875 0.0734375
5 0.446875 0.38125 0.04375 0.078125
5 0.2734375 0.19921875 0.05 0.0703125
5 0.20625 0.21328125 0.05 0.084375
5 0.14296875 0.6796875 0.0546875 0.0984375
5 0.10859375 0.8859375 0.05 0.0703125