12 0.83671875 0.225 0.2234375 0.4421875
12 0.8921875 0.66015625 0.215625 0.4578125
12 0.09140625 0.7703125 0.1015625 0.2234375
12 0.0515625 0.371875 0.103125 0.265625
0 0.1953125 0.4546875 0.175 0.1640625
0 0.2171875 0.61796875 0.1578125 0.1359375
7 0.3765625 0.9046875 0.075 0.0921875
7 0.27109375 0.15625 0.075 0.084375
13 0.30078125 0.29609375 0.05 0.11875
13 0.36484375 0.75078125 0.059375 0.1171875
1 0.2375 0.95546875 0.0625 0.0890625
1 0.13046875 0.1328125 0.0671875 0.121875
5 0.20703125 0.2515625 0.0453125 0.0984375
5 0.13984375 0.2609375 0.04375 0.0921875
5 0.275 0.80859375 0.0578125 0.1078125
5 0.215625 0.82421875 0.053125 0.0953125
4 0.54140625 0.24609375 0.4671875 0.4921875
4 0.6046875 0.6921875 0.46875 0.475