14 0.42122748125 0.17330043906249998 0.1644317578125 0.3894967171875 0.2829419109375 0.6046342140625 0.285452171875 0.604054675 0.545277084375 0.3696566953125 0.5412504296875 0.35221533437499997 0.4337201390625 0.17041628281250001 0.42122748125 0.17330043906249998
14 0.6446513328125001 0 0.43136442343750003 0.1752119578125 0.5516713328125 0.3453503171875 0.5517418562499999 0.3453340359375 0.7957996796875 0.1420036921875 0.79294033125 0.1296184953125 0.7149331937500001 0 0.6446513328125001 0
1 0.16171875 0.33359375 0.075 0.0765625
1 0.234375 0.27734375 0.0765625 0.0921875
1 0.30234375 0.22265625 0.0671875 0.084375
1 0.365625 0.16796875 0.06875 0.0828125
1 0.434375 0.11328125 0.065625 0.0828125
1 0.4984375 0.0640625 0.0703125 0.090625
1 0.56015625 0.0265625 0.0671875 0.053125
1 0.6265625 0.00625 0.059375 0.0125
6 0.47578125 0.84140625 0.11875 0.140625
6 0.54453125 0.7796875 0.10625 0.13125
6 0.6078125 0.71640625 0.1015625 0.14375
6 0.6734375 0.66796875 0.1015625 0.1421875
6 0.734375 0.6109375 0.1046875 0.153125
6 0.79765625 0.55078125 0.109375 0.134375
6 0.85546875 0.5015625 0.1015625 0.1359375
6 0.9171875 0.43515625 0.1 0.14375
12 0.29140625 0.740625 0.1171875 0.20625
13 0.6296875 0.43203125 0.04375 0.05625
13 0.65625 0.39765625 0.0421875 0.0609375
13 0.69140625 0.3796875 0.0453125 0.078125
13 0.71875 0.35078125 0.0421875 0.0734375
13 0.7453125 0.32421875 0.0390625 0.0640625
13 0.7734375 0.29765625 0.04375 0.0703125
13 0.8109375 0.278125 0.053125 0.075
13 0.83359375 0.25078125 0.04375 0.08125
0 0.365044328125 0.562801828125 0.3658021265625 0.5660842140625 0.43969884375 0.7047500390625 0.44351644375 0.7038686765625 0.60858145 0.5535606046875 0.6080233140625 0.5511430484375001 0.5361302343750001 0.42370849218749995 0.365044328125 0.562801828125
10 0.19921875 0.51796875 0.0453125 0.0671875
10 0.17265625 0.54765625 0.04375 0.0515625
1 0.2546875 0.6140625 0.04375 0.05625
5 0.23046875 0.64140625 0.0484375 0.0640625
5 0.37578125 0.6359375 0.0390625 0.0578125
5 0.3515625 0.65859375 0.0421875 0.0546875
5 0.32421875 0.67734375 0.04375 0.0671875