12 0.2203125 0.7390625 0.184375 0.084375
12 0.41328125 0.74296875 0.2015625 0.0984375
12 0.62890625 0.73984375 0.1953125 0.10625
12 0.81640625 0.73984375 0.1796875 0.109375
4 0.21015625 0.5578125 0.2015625 0.240625
4 0.40859375 0.565625 0.2078125 0.246875
4 0.62890625 0.56171875 0.1984375 0.2625
4 0.83671875 0.5640625 0.2046875 0.246875
13 0.21953125 0.40390625 0.0765625 0.0375
13 0.4171875 0.40703125 0.078125 0.028125
13 0.62265625 0.41015625 0.0734375 0.0296875
13 0.8171875 0.4140625 0.075 0.028125
7 0.146875 0.35625 0.046875 0.0421875
7 0.36328125 0.36015625 0.0359375 0.046875
7 0.553125 0.36328125 0.0453125 0.0453125
7 0.75 0.36640625 0.0375 0.0453125
12 0.95 0.35234375 0.053125 0.08125
12 0.778125 0.22421875 0.196875 0.05
0 0.2421875 0.2984375 0.0703125 0.1046875
0 0.459375 0.3078125 0.0640625 0.1
0 0.65859375 0.30625 0.0625 0.1046875
0 0.86171875 0.3125 0.0671875 0.1046875
1 0.31328125 0.2046875 0.046875 0.0359375
1 0.39609375 0.20703125 0.046875 0.0328125
1 0.4765625 0.20546875 0.046875 0.0359375
1 0.56328125 0.21015625 0.0515625 0.0328125
5 0.14921875 0.29765625 0.0453125 0.028125
5 0.1515625 0.25625 0.0390625 0.021875
5 0.37421875 0.30546875 0.0421875 0.0296875
5 0.38125 0.2625 0.0515625 0.028125
5 0.56484375 0.3046875 0.046875 0.028125
5 0.56875 0.265625 0.0421875 0.0234375
5 0.75703125 0.3125 0.053125 0.0359375
5 0.7546875 0.271875 0.046875 0.0234375