15 0.5359375 0.88828125 0.203125 0.2125
15 0.50546875 0.6390625 0.1703125 0.21875
15 0.45234375 0.37734375 0.1796875 0.20625
15 0.3921875 0.1171875 0.1890625 0.2
6 0.71484375 0.0625 0.1421875 0.125
5 0.76640625 0.8375 0.071875 0.0828125
12 0.31484375 0.96953125 0.2140625 0.0609375
12 0.2734375 0.87109375 0.240625 0.1453125
12 0.259375 0.746875 0.2125 0.128125
12 0.21875 0.61171875 0.25 0.1375
12 0.19296875 0.48125 0.234375 0.1421875
12 0.17734375 0.3515625 0.25 0.140625
12 0.15 0.22421875 0.2171875 0.134375
12 0.12734375 0.10625 0.25 0.128125
12 0.77578125 0.4375 0.4484375 0.5125
1 0.88671875 0.80703125 0.1140625 0.0609375