10 0.61640625 0.821875 0.1171875 0.2421875
10 0.73671875 0.76953125 0.11875 0.25625
10 0.84296875 0.715625 0.10625 0.234375
10 0.565625 0.66328125 0.1046875 0.2125
10 0.69765625 0.60234375 0.1 0.121875
10 0.80703125 0.53984375 0.0984375 0.1125
10 0.42265625 0.409375 0.15625 0.41875
10 0.57109375 0.19140625 0.153125 0.125
10 0.71484375 0.13359375 0.1421875 0.134375
10 0.575 0.43984375 0.1671875 0.3296875
10 0.728125 0.35234375 0.153125 0.31875
10 0.87109375 0.32578125 0.1421875 0.434375
10 0.42109375 0.653125 0.046875 0.046875
7 0.08046875 0.74375 0.0828125 0.10625
7 0.07265625 0.66328125 0.06875 0.065625
10 0.21015625 0.71484375 0.0359375 0.075
0 0.35859375 0.80625 0.265625 0.24375
10 0.1375 0.83359375 0.0453125 0.040625
10 0.146875 0.84609375 0.0375 0.040625
10 0.159375 0.87421875 0.04375 0.0375
10 0.17734375 0.89921875 0.040625 0.0359375
10 0.19296875 0.925 0.0484375 0.040625
10 0.21171875 0.94921875 0.053125 0.034375
10 0.215625 0.978125 0.0453125 0.04375