8 0.22109375 0.51015625 0.4296875 0.325
11 0.67109375 0.4265625 0.23125 0.0703125
0 0.859375 0.590625 0.0859375 0.1015625
0 0.86484375 0.4234375 0.075 0.0859375
13 0.63984375 0.58203125 0.0296875 0.06875
10 0.85703125 0.5171875 0.0484375 0.0296875
10 0.8578125 0.48125 0.06875 0.0328125
5 0.6828125 0.5859375 0.0234375 0.065625
5 0.721875 0.5859375 0.0234375 0.0609375
5 0.759375 0.58671875 0.0328125 0.0625
5 0.6515625 0.5046875 0.05 0.0328125
5 0.7453125 0.5125 0.059375 0.03125
5 0.94765625 0.5921875 0.03125 0.084375
5 0.95546875 0.4171875 0.046875 0.08125