10 0.07421875 0.69765625 0.1484375 0.3015625
10 0.215625 0.73046875 0.1421875 0.2546875
10 0.3671875 0.759375 0.1453125 0.2359375
10 0.51796875 0.7765625 0.1453125 0.2484375
10 0.6640625 0.825 0.15625 0.2328125
10 0.15859375 0.190625 0.1421875 0.209375
10 0.31171875 0.20078125 0.1453125 0.2265625
10 0.46640625 0.2375 0.146875 0.2296875
10 0.61875 0.2671875 0.1421875 0.2453125
10 0.7671875 0.3078125 0.1546875 0.2453125
10 0.9484375 0.79921875 0.0296875 0.0984375
10 0.9734375 0.62890625 0.04375 0.1234375
10 0.99453125 0.47109375 0.0109375 0.1234375